Sample    Real    Imaginary   Mod
0 152 2.75509e-14 152
1 152 -3.18366e-13 152
2 152 -2.19294e-13 152
3 153 -4.51389e-13 153
4 153 -4.93689e-13 153
5 152 -1.11873e-13 152
6 152 2.62151e-13 152
7 151 5.28754e-15 151
8 153 1.74767e-13 153
9 152 2.49349e-13 152
10 152 -5.70498e-14 152
11 152 -7.43039e-13 152
12 152 3.40629e-13 152
13 153 1.62801e-13 153
14 151 -2.07327e-13 151
15 154 -4.97029e-13 154
16 153 -8.36266e-13 153
17 153 -1.11261e-12 153
18 152 -9.23928e-14 152
19 152 -2.0037e-13 152
20 170 1.73097e-13 170
21 625 3.21789e-12 625
22 1762 -1.28985e-11 1762
23 2731 -9.30969e-12 2731
24 2577 7.5918e-13 2577
25 1664 6.43939e-12 1664
26 936 8.28196e-12 936
27 584 -2.74896e-12 584
28 431 -9.48975e-13 431
29 353 9.03335e-13 353
30 300 -2.71807e-12 300
31 262 -1.60046e-12 262
32 262 -4.46102e-13 262
33 234 2.42949e-13 234
34 199 4.07419e-13 199
35 179 1.45908e-12 179
36 177 1.53339e-13 177
37 176 1.45352e-12 176
38 175 -1.53784e-12 175
39 176 -3.33393e-13 176
40 175 7.16323e-13 175
41 172 1.74211e-13 172
42 172 2.55277e-12 172
43 173 -6.59829e-13 173
44 -6.3406e-12 -5.87195e-14 6.34087e-12
45 1.0063e-12 1.58626e-14 1.00643e-12
46 -3.63338e-12 -4.69478e-13 3.66358e-12
47 2.05045e-12 -1.52782e-13 2.05614e-12
48 -1.11094e-12 7.02408e-13 1.31437e-12
49 -3.39293e-12 2.89423e-13 3.40525e-12
50 1.38701e-12 -5.45452e-14 1.38808e-12
51 -2.06604e-12 2.33097e-12 3.11479e-12
52 2.35101e-12 6.24486e-13 2.43253e-12
53 -3.11687e-14 -8.81628e-13 8.82179e-13
54 -2.84971e-12 1.023e-12 3.02776e-12
55 9.7736e-13 -4.0074e-14 9.78181e-13
56 -3.62892e-13 1.87012e-13 4.08245e-13
57 -1.9614e-12 2.14897e-12 2.90949e-12
58 -6.90163e-14 -4.32465e-13 4.37938e-13
59 -1.80778e-12 -1.20111e-12 2.17042e-12
60 -2.81409e-12 2.51576e-13 2.82531e-12
61 4.18551e-13 1.20222e-12 1.273e-12
62 -2.15064e-12 -3.49534e-13 2.17886e-12
63 1.08868e-12 3.64005e-13 1.14792e-12
64 -5.40999e-13 -3.45082e-14 5.42098e-13
65 -2.09943e-12 1.10092e-12 2.37058e-12
66 -2.73839e-13 -2.77735e-13 3.90031e-13
67 -1.50723e-12 8.33762e-13 1.72247e-12
68 6.37622e-12 -1.7922e-13 6.37874e-12
69 1.01521e-12 9.27268e-13 1.37494e-12
70 -2.00147e-12 8.96099e-14 2.00348e-12
71 1.33803e-12 6.16694e-13 1.4733e-12
72 3.80258e-12 1.17884e-12 3.98111e-12
73 -1.47383e-12 -4.84227e-13 1.55134e-12
74 6.65674e-13 -3.21705e-12 3.2852e-12
75 -3.29497e-13 2.18181e-13 3.95185e-13
76 -3.16139e-12 -3.02781e-13 3.17586e-12
77 -2.60481e-13 -9.50644e-13 9.85685e-13
78 -1.22003e-12 4.6753e-14 1.22093e-12
79 1.02857e-12 -1.14545e-12 1.53948e-12
80 -9.66229e-13 5.94431e-13 1.13444e-12
81 -3.11464e-12 -4.36361e-13 3.14506e-12
82 -1.5473e-12 1.0063e-12 1.84575e-12
83 2.22633e-14 -1.64081e-12 1.64096e-12
84 8.79402e-13 0 8.79402e-13
85 8.54912e-13 -2.15175e-12 2.31536e-12
86 -5.7662e-13 -6.12242e-13 8.4103e-13
87 -2.11724e-12 -2.53802e-13 2.1324e-12
88 -3.21705e-12 -2.44897e-14 3.21714e-12
89 -2.49349e-13 -1.63858e-12 1.65744e-12
90 1.29573e-12 -3.25045e-12 3.49919e-12
91 -2.07049e-13 -9.23928e-13 9.46844e-13
92 -2.82967e-12 1.10203e-12 3.03669e-12
93 -3.90944e-12 2.60704e-12 4.69898e-12
94 2.06158e-12 2.56919e-12 3.29406e-12
95 3.42855e-13 -1.15547e-12 1.20526e-12
96 -1.98812e-12 1.4883e-12 2.48348e-12
97 -3.44859e-12 -2.12726e-12 4.05191e-12
98 -1.56289e-12 8.11498e-13 1.76101e-12
99 3.69571e-13 -1.84786e-12 1.88445e-12
100 -2.53357e-12 3.46195e-13 2.55711e-12
101 -1.64526e-12 -2.05936e-12 2.63588e-12
102 -1.48274e-12 -3.7625e-13 1.52973e-12
103 1.71428e-13 -6.05563e-12 6.05805e-12
104 3.14358e-12 6.79032e-13 3.21608e-12
105 1.20667e-12 2.61594e-13 1.2347e-12
106 -1.23784e-12 5.43225e-13 1.35179e-12
107 -1.51391e-12 1.23116e-12 1.95133e-12
108 -1.48051e-12 1.28905e-12 1.96305e-12
109 -1.84118e-12 3.78477e-13 1.87968e-12
110 1.89461e-12 -1.27235e-12 2.2822e-12
111 2.0037e-13 -9.01665e-13 9.2366e-13
112 2.12615e-12 -2.47123e-12 3.25998e-12
113 1.02411e-13 3.37623e-12 3.37779e-12
114 -3.37735e-12 2.67717e-12 4.30972e-12
115 1.5807e-13 5.94431e-13 6.15089e-13
116 2.12837e-12 7.45822e-14 2.12968e-12
117 -2.34656e-12 2.27531e-12 3.26854e-12
118 -8.88307e-13 1.11539e-12 1.4259e-12
119 -5.5881e-13 4.77548e-13 7.35065e-13
120 -1.95472e-12 -1.56956e-13 1.96101e-12
121 9.39513e-13 -4.07419e-13 1.02405e-12
122 1.11094e-12 1.31354e-13 1.11868e-12
123 -2.62707e-13 -8.38214e-13 8.78418e-13
124 -3.21705e-12 4.41816e-12 5.4653e-12
125 -1.18441e-12 -9.70681e-13 1.53135e-12
126 8.02816e-12 -1.27702e-11 1.50841e-11
127 -1.11985e-12 -5.43225e-13 1.24465e-12
128 -5.40999e-13 1.74767e-12 1.82949e-12
129 1.89238e-13 -1.28237e-12 1.29626e-12
130 2.21075e-12 -3.79367e-12 4.39083e-12
131 1.01298e-12 9.79587e-14 1.01771e-12
132 -1.61632e-12 -7.07974e-13 1.76457e-12
133 -4.45267e-15 1.35806e-13 1.35879e-13
134 -1.14434e-12 -2.58255e-13 1.17311e-12
135 -1.68044e-11 -1.6368e-11 2.34584e-11
136 -1.09758e-12 2.01928e-12 2.2983e-12
137 -8.54912e-13 -2.26863e-12 2.42437e-12
138 2.4267e-13 1.91242e-12 1.92776e-12
139 -4.27456e-13 -6.74579e-13 7.98608e-13
140 -1.082e-12 5.14283e-13 1.198e-12
141 -1.68979e-12 5.74394e-13 1.78474e-12
142 -1.59851e-12 2.53802e-13 1.61853e-12
143 -1.33803e-12 -6.47863e-13 1.48662e-12
144 -9.7736e-13 2.03932e-12 2.26143e-12
145 -1.06196e-12 4.07419e-13 1.13743e-12
146 -2.37995e-12 -2.57364e-12 3.50539e-12
147 9.43965e-13 -2.11279e-12 2.31408e-12
148 -4.20777e-13 -1.52949e-12 1.58632e-12
149 2.33676e-11 5.69273e-12 2.4051e-11
150 -1.3358e-12 1.29127e-12 1.85789e-12
151 -2.47568e-12 1.62968e-12 2.96392e-12
152 -1.85899e-12 1.87235e-12 2.63847e-12
153 9.30607e-13 1.29573e-12 1.59529e-12
154 -1.1548e-11 2.8831e-12 1.19025e-11
155 5.78847e-14 -7.79217e-14 9.70691e-14
156 6.85711e-13 2.71613e-13 7.37545e-13
157 -1.2512e-12 3.16139e-13 1.29052e-12
158 -6.12242e-13 1.88348e-12 1.98049e-12
159 4.45267e-14 -9.57323e-14 1.05581e-13
160 -1.15547e-12 -1.34693e-12 1.77463e-12
161 7.79217e-14 5.56583e-13 5.62011e-13
162 -2.78069e-12 5.78847e-13 2.8403e-12
163 -2.71835e-12 3.99627e-12 4.83318e-12
164 -3.19256e-12 1.88125e-12 3.70561e-12
165 -1.75212e-12 4.60628e-12 4.92826e-12
166 2.39108e-12 4.81111e-12 5.37252e-12
167 -1.84786e-12 3.81594e-12 4.2398e-12
168 -6.90163e-14 9.90718e-13 9.93119e-13
169 -1.28237e-12 1.67866e-12 2.11243e-12
170 8.6827e-13 -1.62522e-13 8.83349e-13
171 -1.09758e-12 2.78292e-13 1.13231e-12
172 -1.60741e-11 5.78847e-14 1.60742e-11
173 -1.06486e-11 -1.09758e-12 1.0705e-11
174 -1.47829e-12 -1.23116e-12 1.92382e-12
175 -2.44451e-12 3.18366e-13 2.46516e-12
176 -1.37142e-12 4.03857e-12 4.26507e-12
177 2.60036e-12 -1.4204e-12 2.963e-12
178 -7.5918e-13 -2.24414e-12 2.36908e-12
179 -2.39331e-12 4.22781e-12 4.85822e-12
180 6.37844e-13 -8.56025e-12 8.58398e-12
181 8.82741e-13 3.20147e-12 3.32094e-12
182 -1.66084e-12 1.46493e-12 2.21459e-12
183 -1.45157e-12 3.77809e-12 4.04734e-12
184 2.03042e-12 -3.19701e-12 3.78728e-12
185 3.51872e-12 -8.43335e-12 9.13799e-12
186 -3.30277e-12 5.19404e-12 6.15518e-12
187 1.42374e-12 1.21558e-12 1.87208e-12
188 -9.26822e-12 -5.59032e-12 1.08237e-11
189 -5.12057e-13 1.09981e-12 1.21317e-12
190 -7.48159e-12 -3.53319e-12 8.27391e-12
191 1.96585e-12 4.60183e-12 5.00414e-12
192 3.81816e-13 2.93876e-12 2.96346e-12
193 -2.4601e-13 4.16324e-13 4.83577e-13
194 -4.42929e-12 -3.89163e-12 5.89605e-12
195 -5.01704e-12 -2.02374e-12 5.40983e-12
196 4.76435e-13 7.56953e-13 8.9441e-13
197 -1.00074e-12 1.97476e-12 2.21385e-12
198 1.80778e-12 -3.51538e-12 3.95297e-12
199 5.15396e-13 -2.40444e-13 5.68724e-13
200 8.03706e-13 -6.20702e-12 6.25883e-12
201 1.35138e-12 6.68568e-12 6.82089e-12
202 -2.12615e-13 4.68198e-12 4.6868e-12
203 -2.26863e-12 -1.94804e-12 2.99024e-12
204 -1.082e-12 7.68085e-13 1.3269e-12
205 1.54953e-12 3.33059e-12 3.6734e-12
206 3.78477e-14 3.46195e-12 3.46215e-12
207 3.96287e-13 -1.55843e-12 1.60803e-12
208 3.32169e-12 -1.03836e-11 1.0902e-11
209 8.18957e-12 1.00897e-11 1.29951e-11
210 -2.4178e-12 -5.20962e-13 2.47329e-12
211 -2.06158e-12 4.73096e-12 5.16063e-12
212 8.10385e-13 9.39513e-13 1.24073e-12
213 -4.45267e-15 1.03747e-12 1.03748e-12
214 -5.91759e-12 1.09981e-12 6.01893e-12
215 1.58292e-12 2.97215e-12 3.36739e-12
216 -4.3458e-12 6.12242e-13 4.38872e-12
217 -1.52059e-12 -3.31724e-13 1.55635e-12
218 -2.44897e-12 -4.83114e-12 5.4164e-12
219 5.15396e-13 -1.92355e-12 1.9914e-12
220 1.06196e-12 1.49832e-12 1.8365e-12
221 1.87235e-12 2.5447e-12 3.1593e-12
222 -6.21147e-13 -2.86529e-12 2.93184e-12
223 -3.3818e-12 4.16102e-12 5.36196e-12
224 -2.20852e-12 1.85454e-12 2.8839e-12
225 4.34135e-14 -8.34875e-13 8.36003e-13
226 5.85526e-13 -1.38033e-12 1.49938e-12
227 -2.41891e-12 4.49719e-13 2.46036e-12
228 9.09902e-12 2.44897e-12 9.42283e-12
229 -3.16585e-12 3.00778e-12 4.36684e-12
230 5.62149e-13 -2.31093e-12 2.37832e-12
231 1.34359e-12 -2.56474e-12 2.89536e-12
232 1.27458e-12 4.94023e-12 5.102e-12
233 -1.12597e-12 1.26678e-12 1.69486e-12
234 -2.09108e-12 -2.60926e-12 3.34378e-12
235 2.00259e-12 3.70017e-12 4.20732e-12
236 -9.05004e-13 4.19886e-12 4.29529e-12
237 -3.04006e-12 2.40444e-13 3.04955e-12
238 7.25228e-13 -9.52871e-13 1.19746e-12
239 -1.65695e-12 1.33803e-12 2.12974e-12
240 -1.8217e-12 7.68085e-13 1.977e-12
241 -9.64002e-13 -4.00295e-12 4.11739e-12
242 -2.78292e-14 -2.60481e-13 2.61963e-13
243 -9.90718e-14 -5.52576e-12 5.52665e-12
244 8.10385e-12 -1.52949e-12 8.24692e-12
245 -6.61666e-12 1.65773e-11 1.7849e-11
246 -1.7293e-12 2.35546e-12 2.9221e-12
247 -2.0037e-14 9.26155e-13 9.26371e-13
248 -2.05991e-12 4.89793e-14 2.0605e-12
249 -1.2935e-12 -9.03891e-13 1.57802e-12
250 9.79587e-14 9.5955e-13 9.64537e-13
251 -1.69535e-12 2.58255e-12 3.0893e-12
252 5.04042e-12 -6.03336e-13 5.0764e-12
253 1.4499e-12 -4.27456e-12 4.51376e-12
254 -2.4139e-12 -6.36954e-12 6.8116e-12
255 1.42764e-12 1.92823e-11 1.9335e-11
256 -9.00552e-13 4.18773e-12 4.28347e-12
257 -1.80333e-13 -2.62039e-12 2.62659e-12
258 -3.30499e-12 4.29014e-12 5.41556e-12
259 -3.10295e-13 -2.48014e-12 2.49947e-12
260 6.38401e-13 2.27754e-12 2.36532e-12
261 1.12764e-12 2.53134e-12 2.77115e-12
262 -7.42176e-12 1.55843e-13 7.4234e-12
263 -5.5547e-13 -1.09536e-12 1.22815e-12
264 1.46994e-12 -2.45119e-12 2.85816e-12
265 -4.79775e-13 1.55843e-14 4.80028e-13
266 -7.78103e-13 -2.21965e-12 2.35209e-12
267 -2.46399e-12 -1.09758e-11 1.1249e-11
268 -1.86455e-13 1.13098e-12 1.14624e-12
269 -8.62426e-13 -7.74764e-13 1.15933e-12
270 2.86084e-13 -1.43598e-12 1.46421e-12
271 -1.42402e-12 3.27716e-12 3.57318e-12
272 7.63911e-13 1.36252e-12 1.56205e-12
273 5.04543e-13 8.74949e-13 1.01e-12
274 4.73096e-13 -2.65824e-12 2.70001e-12
275 -5.64654e-13 3.79145e-12 3.83326e-12
276 -2.67049e-12 1.05751e-12 2.87225e-12
277 6.9879e-13 -4.72428e-12 4.77568e-12
278 5.14923e-12 -1.4883e-11 1.57486e-11
279 -1.65277e-12 3.77141e-12 4.11767e-12
280 -1.06697e-12 3.85601e-12 4.0009e-12
281 2.27907e-11 1.27569e-11 2.61181e-11
282 8.62648e-12 1.34849e-11 1.60081e-11
283 -6.17807e-14 -1.17773e-12 1.17935e-12
284 -1.84229e-13 -5.23188e-13 5.54677e-13
285 -4.59738e-13 2.84748e-12 2.88435e-12
286 7.31629e-13 -8.32649e-13 1.10842e-12
287 -2.71334e-12 -3.24599e-12 4.23069e-12
288 1.45797e-12 -2.59813e-12 2.97925e-12
289 -2.41251e-12 -8.74726e-12 9.07385e-12
290 -5.94153e-13 7.22445e-12 7.24884e-12
291 -4.54478e-12 3.73356e-12 5.88171e-12
292 -1.81112e-12 6.31611e-12 6.57064e-12
293 -2.18821e-12 -1.14656e-12 2.4704e-12
294 -9.57407e-12 3.78922e-12 1.02966e-11
295 1.20556e-12 -1.19999e-12 1.70099e-12
296 -1.80027e-12 -2.82744e-13 1.82234e-12
297 -2.319e-12 -2.64488e-12 3.51755e-12
298 2.79961e-13 1.83895e-12 1.86014e-12
299 4.65582e-13 -2.09943e-12 2.15044e-12
300 -2.57531e-12 8.81628e-13 2.72204e-12
301 2.50713e-12 -1.15769e-12 2.76151e-12
302 -3.92948e-12 2.44674e-12 4.62897e-12
303 -6.2457e-12 6.85711e-13 6.28323e-12
304 -5.69719e-12 -1.24897e-12 5.83248e-12
305 6.01221e-12 -4.23894e-12 7.35631e-12
306 -9.5955e-13 4.19441e-12 4.30277e-12
307 -1.4332e-12 2.09275e-12 2.53647e-12
308 -3.11019e-12 9.28381e-13 3.24579e-12
309 -2.27476e-12 1.72541e-12 2.85509e-12
310 -1.81446e-12 -4.12762e-12 4.50883e-12
311 -1.19777e-12 -5.49904e-12 5.62798e-12
312 -2.11168e-12 5.73949e-12 6.11563e-12
313 -8.84411e-13 5.09162e-12 5.16786e-12
314 -5.17622e-12 3.3818e-12 6.18303e-12
315 1.4883e-12 -2.84971e-13 1.51534e-12
316 -4.65304e-13 1.72763e-12 1.7892e-12
317 -1.41539e-12 2.80741e-12 3.14402e-12
318 -1.41261e-12 7.56953e-14 1.41464e-12
319 -6.25822e-12 5.11166e-12 8.0805e-12
320 -5.85526e-13 7.3469e-14 5.90117e-13
321 -2.64377e-12 5.32094e-12 5.94154e-12
322 4.75879e-13 -1.64971e-12 1.71698e-12
323 -5.27641e-13 -7.23558e-13 8.95512e-13
324 -8.666e-13 1.83672e-12 2.0309e-12
325 4.22447e-12 8.12389e-12 9.15662e-12
326 1.34582e-12 -7.36916e-13 1.53436e-12
327 -6.04227e-12 -1.28459e-12 6.17731e-12
328 -5.80516e-12 -2.93431e-12 6.50462e-12
329 -6.52538e-12 7.54727e-12 9.97707e-12
330 2.88421e-12 -1.6653e-12 3.33045e-12
331 -2.94989e-12 -1.05083e-12 3.13147e-12
332 1.87535e-11 1.28281e-11 2.27213e-11
333 -3.39293e-12 6.94616e-12 7.73053e-12
334 1.19087e-11 -3.78254e-12 1.24949e-11
335 -3.71241e-12 -3.20147e-12 4.90218e-12
336 2.24192e-12 -5.05378e-13 2.29817e-12
337 -1.7499e-12 6.22037e-12 6.46183e-12
338 -4.41704e-12 -4.60628e-12 6.38186e-12
339 1.86901e-12 -2.26641e-12 2.93765e-12
340 -1.89238e-13 1.06641e-12 1.08307e-12
341 -2.12726e-12 1.80778e-12 2.79165e-12
342 -1.22003e-12 4.77326e-12 4.92671e-12
343 -5.86416e-12 -3.01668e-12 6.5946e-12
344 -9.01665e-14 7.77658e-12 7.7771e-12
345 2.31539e-12 -8.88752e-12 9.18417e-12
346 -4.11872e-14 2.05936e-12 2.05977e-12
347 -1.5473e-12 2.60258e-12 3.0278e-12
348 -9.50533e-12 -3.65586e-11 3.77741e-11
349 -3.74469e-12 -1.15703e-11 1.21611e-11
350 2.64266e-12 1.19176e-11 1.2207e-11
351 -8.65598e-12 1.2483e-11 1.51905e-11
352 -9.64002e-13 7.78326e-12 7.84273e-12
353 -1.14545e-12 -6.12242e-13 1.2988e-12
354 -2.11502e-14 3.01446e-12 3.01453e-12
355 3.14692e-12 -2.60392e-11 2.62287e-11
356 3.47252e-11 -5.71722e-12 3.51927e-11
357 -4.38922e-12 9.9428e-12 1.08685e-11
358 -1.47272e-12 -1.00185e-12 1.78118e-12
359 -4.27456e-13 4.31686e-12 4.33797e-12
360 2.48793e-12 -1.52059e-12 2.91581e-12
361 -1.6152e-12 6.75247e-12 6.94296e-12
362 2.99664e-12 2.03487e-12 3.62223e-12
363 2.71835e-12 -4.5573e-12 5.30645e-12
364 -1.1243e-13 2.58923e-12 2.59167e-12
365 2.48125e-12 9.08344e-13 2.64229e-12
366 -2.69164e-12 5.3432e-14 2.69217e-12
367 2.87642e-12 3.68903e-12 4.6779e-12
368 4.56621e-12 -3.07679e-12 5.50608e-12
369 1.13543e-13 -6.27826e-12 6.27929e-12
370 -5.55693e-12 2.29535e-12 6.01233e-12
371 -4.45912e-11 1.93557e-11 4.86109e-11
372 -2.55249e-12 -4.57289e-12 5.23703e-12
373 3.78477e-14 2.43783e-12 2.43813e-12
374 -1.41817e-12 -5.51463e-12 5.69406e-12
375 3.28384e-13 2.03709e-12 2.06339e-12
376 -2.74618e-12 -6.45191e-12 7.01204e-12
377 2.31539e-13 4.55062e-12 4.55651e-12
378 4.26231e-12 -8.38437e-12 9.40558e-12
379 3.15694e-12 1.1755e-12 3.36869e-12
380 1.36029e-12 7.13317e-12 7.26172e-12
381 -4.49719e-12 7.9391e-12 9.12437e-12
382 2.98997e-12 8.0237e-12 8.56269e-12
383 -9.06118e-13 3.52429e-12 3.63891e-12
384 -2.32652e-12 2.42448e-12 3.36017e-12
385 4.22558e-12 -1.39368e-12 4.44948e-12
386 2.44674e-12 -1.24675e-13 2.44991e-12
387 3.11687e-12 -6.4341e-13 3.18258e-12
388 -4.86454e-12 -4.27456e-13 4.88328e-12
389 -1.89016e-12 -2.05936e-12 2.79529e-12
390 -4.37252e-12 1.97253e-12 4.79685e-12
391 -4.40814e-12 -4.95582e-12 6.63263e-12
392 -4.67307e-12 -8.68938e-12 9.86625e-12
393 -9.37286e-13 7.96805e-12 8.02298e-12
394 -5.00925e-12 1.59116e-11 1.66815e-11
395 1.81891e-12 -5.42335e-12 5.72024e-12
396 7.44263e-12 -4.84673e-12 8.88164e-12
397 -1.35138e-12 -2.84303e-12 3.14786e-12
398 4.10758e-12 -6.89941e-12 8.02957e-12
399 -2.37104e-12 1.58515e-12 2.85211e-12
400 1.48719e-12 8.90979e-12 9.03305e-12
401 3.49534e-12 -1.37966e-11 1.42325e-11
402 3.80258e-12 -4.48161e-12 5.87745e-12
403 2.90024e-11 5.80383e-11 6.48813e-11
404 -1.1804e-11 -3.50425e-12 1.23132e-11
405 -3.21037e-12 5.9265e-12 6.74017e-12
406 -9.3506e-14 -1.8857e-12 1.88802e-12
407 7.83669e-13 1.4627e-12 1.65941e-12
408 -1.24897e-12 1.02857e-12 1.61799e-12
409 -6.30275e-12 -1.38255e-12 6.4526e-12
410 -1.61632e-12 2.62039e-12 3.07879e-12
411 -3.26158e-12 2.35769e-12 4.0245e-12
412 -4.20109e-12 1.32467e-12 4.40499e-12
413 -3.24154e-12 -4.80888e-12 5.79939e-12
414 -7.1443e-12 -1.93691e-12 7.40221e-12
415 -3.11241e-12 2.13884e-11 2.16137e-11
416 1.90574e-12 7.56953e-14 1.90724e-12
417 3.8471e-12 1.33936e-11 1.39352e-11
418 -9.5955e-12 -2.86707e-11 3.02338e-11
419 -2.5113e-12 9.75357e-12 1.00717e-11
420 -2.82967e-12 -1.41817e-12 3.16516e-12
421 9.22147e-12 -1.04393e-11 1.39289e-11
422 2.21075e-12 2.56251e-12 3.38436e-12
423 -1.85231e-12 1.46938e-13 1.85813e-12
424 -3.78477e-12 -5.20739e-12 6.4375e-12
425 -1.32689e-12 -4.31909e-13 1.39542e-12
426 6.87492e-12 -1.05617e-11 1.26022e-11
427 2.60481e-12 -1.14901e-11 1.17817e-11
428 -4.54395e-12 8.98771e-12 1.00711e-11
429 4.23003e-12 3.669e-12 5.59953e-12
430 7.21332e-13 5.75062e-12 5.79568e-12
431 -1.56956e-12 -4.11872e-13 1.62271e-12
432 -5.16732e-12 3.90499e-12 6.47689e-12
433 1.08422e-12 -1.20222e-13 1.09087e-12
434 -9.52871e-13 1.24452e-12 1.56742e-12
435 8.72723e-13 -2.86752e-12 2.99738e-12
436 -2.8546e-11 5.3147e-11 6.03281e-11
437 -3.41074e-12 -8.28196e-13 3.50985e-12
438 1.78329e-12 1.93023e-12 2.62791e-12
439 2.01928e-12 2.60926e-12 3.29936e-12
440 -2.41557e-12 4.07642e-12 4.73837e-12
441 -6.36731e-13 -2.62707e-13 6.88797e-13
442 -1.16682e-11 5.90646e-12 1.3078e-11
443 4.69088e-12 2.80629e-12 5.46623e-12
444 4.79775e-12 3.99849e-12 6.24551e-12
445 6.16249e-12 -7.37139e-12 9.608e-12
446 -1.89238e-12 -3.2638e-12 3.77274e-12
447 -1.4204e-12 -4.60183e-12 4.81605e-12
448 -3.44191e-12 8.70274e-12 9.35865e-12
449 -5.27196e-12 -5.38995e-12 7.53957e-12
450 -2.27977e-12 2.48347e-12 3.3712e-12
451 1.64125e-11 7.29124e-13 1.64287e-11
452 -2.03487e-12 1.43598e-12 2.49053e-12
453 9.03891e-13 8.62927e-12 8.67648e-12
454 1.00408e-12 1.86789e-12 2.12066e-12
455 -2.25973e-12 -2.11502e-13 2.2696e-12
456 -7.56953e-14 4.92688e-12 4.92746e-12
457 -3.98736e-12 -8.84077e-12 9.69836e-12
458 3.34173e-12 5.21185e-12 6.19116e-12
459 -2.227e-11 1.87791e-12 2.2349e-11
460 -1.78107e-14 -3.66232e-12 3.66236e-12
461 -2.11947e-12 2.20964e-12 3.0618e-12
462 -9.23928e-13 2.23079e-12 2.41455e-12
463 2.20407e-13 6.95061e-12 6.95411e-12
464 -1.99702e-12 -2.32418e-11 2.33274e-11
465 -9.84485e-12 9.98065e-12 1.40191e-11
466 5.82854e-12 7.93131e-12 9.84264e-12
467 1.15947e-11 3.34161e-11 3.53706e-11
468 -2.63375e-12 -1.19231e-11 1.22106e-11
469 1.4155e-11 2.52689e-12 1.43788e-11
470 -4.87567e-13 1.80667e-12 1.8713e-12
471 5.12057e-14 -9.51757e-13 9.53134e-13
472 6.89941e-12 -7.68419e-12 1.03271e-11
473 2.51576e-13 -9.36173e-13 9.69387e-13
474 2.22522e-11 -3.94618e-11 4.53033e-11
475 -3.61334e-12 1.36919e-13 3.61593e-12
476 3.19123e-11 -5.72279e-12 3.24213e-11
477 6.10015e-13 -3.3395e-13 6.95443e-13
478 -4.49051e-12 5.82631e-12 7.35599e-12
479 -3.31056e-12 -4.77215e-12 5.80803e-12
480 -5.93095e-12 1.84285e-11 1.93594e-11
481 9.57323e-14 3.68792e-12 3.68916e-12
482 1.17773e-12 -3.46417e-12 3.6589e-12
483 2.43116e-12 2.60926e-12 3.56634e-12
484 -2.01928e-12 -1.50723e-12 2.51977e-12
485 -4.22113e-12 1.07643e-12 4.35622e-12
486 -2.82967e-12 4.02855e-12 4.92303e-12
487 -1.18641e-11 1.11506e-11 1.62817e-11
488 -6.22483e-12 6.88048e-12 9.27844e-12
489 2.21743e-12 5.02316e-12 5.49083e-12
490 -2.92318e-12 -3.20592e-13 2.9407e-12
491 -4.50165e-12 -6.20368e-12 7.66488e-12
492 2.41335e-12 1.88236e-12 3.06064e-12
493 2.20407e-12 -3.82929e-13 2.23709e-12
494 1.72541e-12 6.46805e-12 6.69423e-12
495 2.64934e-13 -6.03058e-12 6.0364e-12
496 2.31539e-13 1.41372e-12 1.43256e-12
497 -7.25785e-13 -2.34544e-11 2.34656e-11
498 -1.74767e-12 6.37065e-12 6.60602e-12
499 1.5807e-11 -1.13487e-11 1.9459e-11
500 5.85526e-13 5.76175e-12 5.79143e-12
501 -2.1916e-11 -5.46748e-11 5.89037e-11
502 1.78775e-12 -5.15619e-12 5.45732e-12
503 -5.34988e-12 1.0294e-11 1.16012e-11
504 8.41554e-13 -1.44823e-12 1.67499e-12
505 -3.12355e-12 1.30686e-12 3.38591e-12
506 7.68085e-13 -3.25045e-12 3.33996e-12
507 2.2486e-12 7.29291e-12 7.63169e-12
508 -4.39701e-12 1.71428e-13 4.40035e-12
509 -2.02819e-12 9.63668e-12 9.8478e-12
510 -1.13521e-11 8.33817e-12 1.40853e-11
511 9.52871e-12 1.29127e-12 9.6158e-12
512 1.99034e-12 -6.44997e-12 6.75008e-12
513 3.56213e-13 -1.55565e-13 3.88701e-13
514 4.92465e-12 -3.02336e-12 5.77866e-12
515 -3.49646e-11 -2.49906e-12 3.50538e-11
516 9.97397e-13 2.26028e-12 2.47056e-12
517 1.76548e-12 -2.35407e-12 2.94254e-12
518 -2.22633e-12 -7.55673e-12 7.87786e-12
519 2.7896e-12 -4.08894e-12 4.94988e-12
520 -1.53617e-13 -7.42733e-12 7.42891e-12
521 -2.41557e-12 4.31352e-13 2.45378e-12
522 3.19924e-12 -4.51417e-12 5.53289e-12
523 8.19291e-13 -4.52502e-13 9.35946e-13
524 1.36474e-12 1.24736e-11 1.2548e-11
525 2.05268e-12 4.8125e-12 5.23198e-12
526 -1.0751e-11 -1.26122e-12 1.08247e-11
527 -1.64749e-12 8.45394e-12 8.61298e-12
528 3.91612e-12 7.62519e-14 3.91686e-12
529 -5.57029e-12 4.55536e-12 7.19579e-12
530 -2.24192e-12 1.94915e-12 2.97076e-12
531 5.45452e-13 -1.68589e-12 1.77193e-12
532 -5.96657e-13 5.61259e-12 5.64421e-12
533 -4.07419e-13 1.16365e-11 1.16436e-11
534 -2.56028e-13 -1.07986e-11 1.08016e-11
535 -3.00555e-13 -1.09967e-12 1.14e-12
536 -2.38218e-13 -2.9717e-12 2.98124e-12
537 -8.03706e-13 -7.12427e-13 1.07401e-12
538 1.50945e-12 7.16323e-12 7.32054e-12
539 8.9276e-13 1.92745e-12 2.12416e-12
540 1.10871e-12 -8.18734e-13 1.37825e-12
541 1.51168e-12 -2.97466e-12 3.33673e-12
542 9.08344e-13 5.90897e-12 5.97838e-12
543 -1.22894e-12 -1.11411e-11 1.12087e-11
544 1.38701e-12 -2.46149e-12 2.82537e-12
545 1.51391e-13 -6.66787e-13 6.83757e-13
546 -5.56583e-14 -1.47995e-12 1.481e-12
547 3.30165e-12 1.07426e-11 1.12385e-11
548 -1.2178e-12 -3.95313e-12 4.13646e-12
549 -1.78329e-12 1.71845e-12 2.47653e-12
550 -9.72908e-13 7.83669e-13 1.24927e-12
551 -8.14838e-13 2.61205e-12 2.73619e-12
552 -3.14804e-12 -4.00016e-12 5.09033e-12
553 -2.07049e-12 1.21243e-11 1.22999e-11
554 1.14434e-12 4.96333e-12 5.09354e-12
555 -2.49572e-12 8.68882e-12 9.04015e-12
556 5.79069e-12 -7.79857e-12 9.71338e-12
557 -3.8382e-12 -1.04947e-11 1.11745e-11
558 -8.6827e-13 -2.28283e-12 2.44237e-12
559 9.43965e-13 -3.86714e-12 3.98068e-12
560 -3.57104e-12 -6.61221e-13 3.63174e-12
561 -1.08289e-11 3.66566e-12 1.14325e-11
562 5.08717e-12 8.50459e-13 5.15777e-12
563 -1.42263e-12 3.12688e-12 3.4353e-12
564 -6.63447e-13 -1.28571e-13 6.7579e-13
565 -4.68643e-12 1.52838e-12 4.92936e-12
566 -3.61111e-12 -2.4709e-11 2.49714e-11
567 -7.23558e-13 1.39035e-12 1.56735e-12
568 7.37807e-12 1.15441e-11 1.37004e-11
569 -1.41817e-12 3.05453e-12 3.36769e-12
570 4.45267e-12 1.18118e-11 1.26232e-11
571 2.40889e-12 1.22337e-12 2.70174e-12
572 2.73394e-12 1.08022e-11 1.11428e-11
573 1.52704e-11 -1.5335e-11 2.16413e-11
574 -5.70832e-12 4.31575e-12 7.15616e-12
575 -3.42187e-12 6.10294e-12 6.99679e-12
576 1.05217e-11 1.55398e-12 1.06358e-11
577 4.62409e-12 -5.44672e-12 7.14486e-12
578 5.48791e-12 9.88492e-12 1.13061e-11
579 3.23709e-12 -9.52871e-13 3.37442e-12
580 -1.64504e-11 2.56607e-11 3.04809e-11
581 -2.52689e-12 1.48496e-12 2.93092e-12
582 -1.22448e-12 -1.80389e-12 2.18022e-12
583 4.52391e-12 -1.76882e-12 4.85742e-12
584 7.08197e-12 9.54429e-12 1.18848e-11
585 8.12612e-13 -4.8189e-12 4.88693e-12
586 2.26863e-12 1.95695e-12 2.99605e-12
587 -8.57361e-12 -2.0716e-12 8.82033e-12
588 1.93691e-13 -3.92391e-12 3.92869e-12
589 2.70054e-12 3.45082e-12 4.3819e-12
590 -5.43225e-13 -3.93838e-12 3.97567e-12
591 5.0894e-12 1.49164e-12 5.30349e-12
592 -1.20445e-12 -8.72723e-13 1.48739e-12
593 9.73063e-11 3.05175e-11 1.0198e-10
594 3.73356e-12 -3.35286e-12 5.01808e-12
595 7.07974e-13 7.18438e-12 7.21918e-12
596 -7.79217e-14 -1.01076e-12 1.01375e-12
597 1.30908e-12 -5.1317e-13 1.40607e-12
598 2.03709e-12 1.2345e-12 2.38196e-12
599 -7.21332e-13 7.22111e-12 7.25705e-12
600 4.14321e-12 6.29941e-12 7.53981e-12
601 -6.679e-15 4.53059e-13 4.53108e-13
602 -7.56953e-14 -2.80963e-12 2.81065e-12
603 -9.91609e-12 6.70572e-12 1.19706e-11
604 4.89793e-14 -2.19294e-12 2.19349e-12
605 -1.68756e-12 -3.86046e-12 4.2132e-12
606 4.33022e-12 3.96733e-12 5.87286e-12
607 -9.86266e-13 3.08458e-12 3.23842e-12
608 7.90348e-13 8.13725e-13 1.13437e-12
609 -4.65304e-13 -9.70681e-13 1.07644e-12
610 -1.76526e-11 2.24581e-11 2.85654e-11
611 2.03264e-12 3.14247e-12 3.74256e-12
612 -2.1444e-11 1.35695e-11 2.53767e-11
613 6.85711e-13 1.51613e-12 1.66399e-12
614 2.5959e-12 -2.70611e-12 3.7499e-12
615 -9.64002e-13 6.98512e-12 7.05133e-12
616 1.29439e-11 -6.93948e-12 1.46868e-11
617 -5.14283e-13 1.38456e-11 1.38551e-11
618 3.34618e-12 9.5621e-12 1.01307e-11
619 -8.54912e-13 9.60663e-13 1.28598e-12
620 -2.04155e-12 -1.52281e-12 2.54693e-12
621 1.20222e-13 -3.48421e-13 3.68579e-13
622 2.93876e-13 8.21517e-12 8.22042e-12
623 -2.62485e-12 -6.79254e-12 7.28206e-12
624 1.72318e-12 2.28088e-12 2.85863e-12
625 -3.49534e-13 -4.30795e-13 5.5476e-13
626 -2.00593e-12 9.15023e-12 9.36752e-12
627 4.63077e-13 -7.84448e-12 7.85814e-12
628 -1.83895e-12 -2.65045e-12 3.22593e-12
629 1.73431e-12 -8.6827e-13 1.93952e-12
630 8.00367e-12 2.60592e-12 8.41722e-12
631 -1.28571e-11 -4.35693e-12 1.35752e-11
632 -4.96695e-12 -5.23745e-12 7.21813e-12
633 1.16972e-11 -3.62224e-12 1.22452e-11
634 1.31576e-12 -3.85044e-12 4.06905e-12
635 -2.56696e-12 8.98771e-12 9.34709e-12
636 -1.80333e-13 -8.20404e-13 8.39989e-13
637 1.22894e-12 -2.33542e-12 2.63903e-12
638 8.83854e-13 1.69424e-12 1.91093e-12
639 -3.69571e-13 3.60666e-13 5.16394e-13
640 -9.50644e-13 1.43376e-12 1.72029e-12
641 5.69719e-12 1.54485e-11 1.64656e-11
642 -3.54655e-12 4.39478e-12 5.64731e-12
643 2.55138e-12 1.50322e-11 1.52472e-11
644 3.46417e-12 5.97548e-12 6.90701e-12
645 4.79107e-12 -8.5135e-12 9.76903e-12
646 2.5113e-12 1.71428e-12 3.04062e-12
647 1.63858e-12 -4.96472e-13 1.71214e-12
648 -2.34433e-12 8.07714e-12 8.41047e-12
649 -6.52316e-13 4.19664e-12 4.24703e-12
650 -1.50945e-12 -3.89608e-12 4.17827e-12
651 2.44451e-12 -1.02411e-13 2.44666e-12
652 2.19071e-12 -3.54432e-12 4.16671e-12
653 -5.60813e-12 -1.24675e-13 5.60952e-12
654 5.71722e-12 1.78619e-11 1.87545e-11
655 8.02593e-12 -5.43225e-13 8.04429e-12
656 6.83707e-12 -2.10166e-12 7.1528e-12
657 -3.51761e-12 1.72318e-12 3.917e-12
658 6.17362e-12 4.68643e-12 7.75089e-12
659 -7.61406e-13 3.38403e-12 3.46863e-12
660 -9.5955e-12 -1.55843e-12 9.72123e-12
661 5.90869e-12 -2.83857e-12 6.55516e-12
662 -3.91835e-12 8.98993e-12 9.80675e-12
663 4.81333e-12 1.43376e-12 5.02233e-12
664 -2.95657e-11 -2.64221e-11 3.96517e-11
665 1.53394e-12 5.54357e-13 1.63104e-12
666 6.01555e-12 7.33132e-12 9.48341e-12
667 5.00391e-11 2.43116e-11 5.56324e-11
668 -1.80979e-11 -4.21378e-11 4.58599e-11
669 1.93891e-11 -3.00132e-11 3.57314e-11
670 1.63569e-11 1.55153e-11 2.25449e-11
671 -9.84485e-12 -2.19516e-12 1.00866e-11
672 -5.7662e-13 9.54652e-12 9.56391e-12
673 -1.50055e-11 -1.50812e-11 2.12746e-11
674 4.91797e-12 9.86711e-12 1.10248e-11
675 -3.55523e-11 -2.4955e-11 4.34364e-11
676 1.01632e-11 -6.24932e-12 1.19308e-11
677 -8.30422e-13 7.53391e-12 7.57954e-12
678 9.23928e-12 3.27271e-12 9.80178e-12
679 1.385e-11 5.63708e-12 1.49532e-11
680 -3.89608e-12 1.60296e-13 3.89938e-12
681 6.50312e-12 8.46229e-12 1.06724e-11
682 3.68013e-12 8.04152e-12 8.8436e-12
683 -9.6044e-12 -8.52463e-12 1.28419e-11
684 1.29216e-11 8.30645e-12 1.53612e-11
685 -6.99069e-13 1.46871e-11 1.47037e-11
686 -3.03449e-12 1.6319e-12 3.44547e-12
687 -1.83361e-11 -4.71092e-12 1.89316e-11
688 7.70311e-13 7.77213e-12 7.81021e-12
689 -6.44078e-12 -1.3781e-12 6.58656e-12
690 9.43965e-12 -6.97733e-12 1.17384e-11
691 -5.97436e-12 5.46721e-11 5.49975e-11
692 -5.97436e-12 -2.82299e-12 6.60775e-12
693 1.24675e-12 8.38437e-12 8.47656e-12
694 -7.90348e-14 5.34097e-12 5.34156e-12
695 3.16919e-12 1.0722e-11 1.11806e-11
696 5.57062e-11 8.54734e-11 1.02024e-10
697 5.67158e-12 -7.64745e-12 9.52105e-12
698 5.31092e-12 -3.47753e-12 6.34816e-12
699 -1.09936e-11 -2.10811e-11 2.37755e-11
700 2.45787e-12 1.507e-11 1.52692e-11
701 -3.01e-12 -4.49274e-12 5.40785e-12
702 -9.24374e-12 7.34913e-12 1.18092e-11
703 -5.8675e-12 9.17917e-12 1.08943e-11
704 3.59108e-12 1.49365e-11 1.53621e-11
705 3.27271e-13 3.76028e-12 3.77449e-12
706 1.74322e-12 3.17475e-12 3.62186e-12
707 2.37683e-11 -4.24784e-12 2.41449e-11
708 -9.75357e-12 8.23075e-12 1.27623e-11
709 8.06934e-12 -1.66129e-11 1.8469e-11
710 -1.01855e-11 -2.57141e-12 1.0505e-11
711 1.02089e-11 9.55987e-12 1.39861e-11
712 -2.0312e-11 -5.71811e-11 6.06816e-11
713 8.34096e-12 -5.49682e-12 9.98932e-12
714 8.80181e-12 2.11568e-11 2.29147e-11
715 -1.16771e-12 2.82967e-12 3.06114e-12
716 2.45676e-12 -2.47791e-12 3.48937e-12
717 5.62149e-12 8.22407e-12 9.96176e-12
718 9.68455e-12 1.44489e-11 1.73943e-11
719 4.01152e-11 -1.87279e-11 4.42715e-11
720 -5.02929e-12 -4.96695e-12 7.06854e-12
721 3.0946e-12 -8.14393e-12 8.71207e-12
722 1.13331e-11 5.89978e-13 1.13485e-11
723 -1.39691e-11 3.10329e-11 3.4032e-11
724 2.38886e-12 -2.20184e-12 3.24881e-12
725 1.07276e-11 2.02819e-12 1.09176e-11
726 -6.03782e-12 -1.75435e-12 6.28752e-12
727 -1.7243e-12 -1.29573e-12 2.15687e-12
728 7.51944e-12 -1.90574e-12 7.75718e-12
729 7.22111e-12 -9.3506e-13 7.2814e-12
730 8.01257e-12 -1.50856e-11 1.70815e-11
731 -2.29869e-12 5.0983e-12 5.59255e-12
732 1.18218e-12 -2.37327e-12 2.65141e-12
733 -2.13327e-11 5.16153e-11 5.585e-11
734 5.00925e-13 -1.99702e-12 2.05889e-12
735 -1.15959e-11 1.72853e-11 2.08145e-11
736 -1.87346e-11 4.09668e-11 4.50473e-11
737 -3.52429e-12 -1.59628e-12 3.86894e-12
738 -8.88975e-12 1.13432e-11 1.44116e-11
739 3.87382e-12 -6.87046e-12 7.88732e-12
740 -8.90088e-12 1.43131e-11 1.6855e-11
741 -4.12651e-12 -5.29867e-13 4.16039e-12
742 -3.28162e-12 -1.81891e-11 1.84828e-11
743 9.4352e-12 -5.74394e-12 1.10461e-11
744 4.57845e-12 2.94099e-12 5.44166e-12
745 -4.42706e-12 -3.89831e-12 5.89879e-12
746 -3.91501e-12 3.79568e-11 3.81581e-11
747 1.4499e-11 7.102e-12 1.61449e-11
748 4.50265e-11 -3.36488e-11 5.62105e-11
749 -2.69386e-12 1.70537e-12 3.18829e-12
750 -1.00129e-12 1.42463e-11 1.42815e-11
751 3.71909e-12 5.47901e-12 6.62202e-12
752 -1.87413e-11 -2.04978e-11 2.7774e-11
753 1.4666e-12 -3.13468e-12 3.4608e-12
754 4.82112e-12 8.54689e-12 9.81288e-12
755 8.81628e-13 9.06118e-12 9.10396e-12
756 7.75599e-12 8.22407e-12 1.13045e-11
757 1.53394e-12 3.31501e-12 3.65271e-12
758 8.2263e-13 1.06085e-11 1.06403e-11
759 -5.24301e-12 1.1686e-11 1.28083e-11
760 -2.73728e-12 -5.56138e-12 6.19852e-12
761 2.01266e-11 1.37899e-11 2.43976e-11
762 1.746e-12 1.08645e-12 2.05643e-12
763 -8.86081e-12 -1.13498e-11 1.43991e-11
764 2.96715e-12 2.79182e-12 4.07409e-12
765 3.25267e-12 -3.82707e-12 5.02258e-12
766 3.61946e-12 -9.27268e-12 9.95405e-12
767 1.20211e-11 2.26641e-12 1.22329e-11
768 -1.70523e-11 8.34875e-13 1.70727e-11
769 2.29702e-12 -6.43633e-12 6.83393e-12
770 -1.26328e-11 -1.82225e-11 2.21731e-11
771 7.62129e-12 -2.63932e-11 2.74715e-11
772 -1.92021e-13 1.13766e-12 1.15375e-12
773 -6.97955e-13 3.42789e-11 3.4286e-11
774 -3.66955e-12 4.69311e-12 5.95742e-12
775 -8.93734e-12 3.48889e-11 3.60154e-11
776 1.2763e-11 -4.51723e-12 1.35388e-11
777 5.71166e-12 1.56556e-11 1.66649e-11
778 3.36012e-11 2.9608e-11 4.47848e-11
779 1.94467e-11 8.8096e-12 2.13491e-11
780 1.37253e-12 2.70054e-11 2.70403e-11
781 -1.25593e-12 7.19106e-13 1.44723e-12
782 4.42066e-12 9.23038e-12 1.02344e-11
783 -7.29697e-11 3.97334e-11 8.30862e-11
784 1.05581e-11 -3.35531e-11 3.5175e-11
785 5.07103e-12 -1.32845e-11 1.42195e-11
786 -3.65675e-13 4.20777e-13 5.57469e-13
787 -6.16722e-12 -1.01899e-11 1.19109e-11
788 -1.00725e-11 -5.52799e-12 1.14897e-11
789 -3.26642e-11 3.11108e-11 4.51091e-11
790 1.09079e-11 -1.01966e-11 1.49316e-11
791 -2.11507e-11 2.20541e-11 3.05571e-11
792 2.69303e-12 -2.34143e-11 2.35687e-11
793 -1.06363e-12 -4.64858e-12 4.76871e-12
794 -1.64938e-11 -4.54328e-11 4.83341e-11
795 8.3315e-12 4.49051e-12 9.46459e-12
796 5.28977e-12 3.82462e-11 3.86103e-11
797 1.92146e-11 6.27603e-12 2.02136e-11
798 1.66251e-12 1.67242e-11 1.68066e-11
799 8.97435e-12 4.92242e-12 1.02357e-11
800 -9.16414e-13 1.63302e-11 1.63558e-11
801 7.99003e-12 -6.38735e-12 1.02293e-11
802 1.13234e-11 8.4712e-12 1.41415e-11
803 7.08753e-12 3.66677e-12 7.97987e-12
804 -8.53242e-13 1.31576e-11 1.31853e-11
805 2.12643e-12 7.97027e-12 8.24906e-12
806 1.30544e-11 1.06819e-11 1.68677e-11
807 3.97734e-12 -8.62481e-12 9.49772e-12
808 3.65703e-12 -7.75877e-12 8.57744e-12
809 1.75955e-11 -1.17951e-11 2.11832e-11
810 1.17929e-11 1.6083e-11 1.99433e-11
811 4.69116e-12 -8.13279e-12 9.38879e-12
812 -1.66057e-12 8.33094e-12 8.49482e-12
813 7.49606e-12 -1.27858e-11 1.48212e-11
814 -3.5589e-11 5.61704e-12 3.60296e-11
815 1.65133e-11 -1.67042e-11 2.34887e-11
816 1.13877e-12 4.64636e-12 4.78387e-12
817 -8.37658e-13 1.05239e-11 1.05572e-11
818 7.32185e-12 8.6827e-14 7.32237e-12
819 1.27652e-11 -2.59234e-11 2.88959e-11
820 1.4283e-11 1.90619e-11 2.38193e-11
821 1.11066e-11 1.66174e-11 1.99873e-11
822 -5.91648e-13 1.8857e-12 1.97634e-12
823 9.40236e-12 7.24226e-12 1.18682e-11
824 2.01071e-11 -1.60942e-11 2.5755e-11
825 -1.92133e-12 1.22671e-12 2.27954e-12
826 2.51064e-11 -2.34411e-11 3.43484e-11
827 8.57528e-12 4.42372e-12 9.64908e-12
828 1.92366e-11 -9.14578e-12 2.13001e-11
829 -1.28237e-11 6.02e-12 1.41664e-11
830 5.64375e-13 -1.0023e-11 1.00388e-11
831 5.06491e-13 -2.2486e-13 5.54161e-13
832 1.82726e-12 -7.87009e-12 8.07943e-12
833 2.44145e-11 -7.68753e-12 2.55962e-11
834 -2.53023e-12 -6.4764e-12 6.95312e-12
835 1.04894e-11 1.44444e-11 1.78513e-11
836 -5.4416e-11 -1.37091e-10 1.47496e-10
837 -2.79071e-12 3.82707e-12 4.73651e-12
838 6.2059e-12 -1.62478e-11 1.73926e-11
839 1.3068e-11 -9.66229e-13 1.31037e-11
840 -1.04504e-11 4.49942e-12 1.13779e-11
841 3.49089e-12 -6.96842e-13 3.55976e-12
842 6.35062e-12 -6.32056e-12 8.9599e-12
843 -6.68568e-12 1.1666e-11 1.34459e-11
844 4.98142e-12 1.53684e-11 1.61555e-11
845 1.03747e-12 -6.62557e-12 6.7063e-12
846 2.04511e-11 3.63582e-11 4.17153e-11
847 -4.35137e-12 3.25045e-13 4.36349e-12
848 3.95508e-12 6.13355e-12 7.29816e-12
849 9.58548e-11 1.99079e-11 9.79003e-11
850 5.83967e-12 1.4273e-11 1.54214e-11
851 1.93146e-11 -9.3929e-12 2.14774e-11
852 4.50053e-12 7.24004e-12 8.52484e-12
853 -1.64415e-12 -1.90797e-12 2.51864e-12
854 -1.32511e-11 2.16578e-11 2.539e-11
855 6.61221e-13 -1.13053e-11 1.13246e-11
856 1.6614e-11 1.17439e-11 2.03456e-11
857 3.65675e-12 -3.43523e-12 5.01724e-12
858 -2.18181e-12 1.15903e-11 1.17939e-11
859 -2.33542e-12 1.2581e-11 1.27959e-11
860 1.02411e-13 1.00986e-11 1.00992e-11
861 -8.45116e-12 1.8316e-11 2.01718e-11
862 5.71945e-12 -4.61964e-12 7.35209e-12
863 6.89829e-12 3.46863e-12 7.72126e-12
864 8.11498e-12 -1.22003e-12 8.20618e-12
865 -1.77216e-12 -1.35183e-11 1.3634e-11
866 -7.35135e-12 -3.21037e-12 8.02177e-12
867 9.35505e-12 -6.61666e-12 1.14585e-11
868 6.97621e-12 2.37995e-12 7.37101e-12
869 3.43523e-11 -3.35286e-11 4.80026e-11
870 4.8868e-13 2.41557e-12 2.46451e-12
871 9.61553e-12 7.35358e-12 1.21051e-11
872 8.99995e-12 -4.69534e-12 1.01511e-11
873 9.34169e-12 3.13579e-11 3.27198e-11
874 1.746e-11 -5.25415e-12 1.82334e-11
875 4.41482e-12 8.7339e-12 9.7863e-12
876 -5.96657e-13 -7.48938e-12 7.51311e-12
877 -3.5933e-12 1.21202e-11 1.26416e-11
878 -1.7732e-10 3.47308e-12 1.77354e-10
879 3.37623e-12 5.29867e-13 3.41756e-12
880 9.23928e-12 -3.90054e-12 1.00289e-11
881 2.01817e-12 4.85118e-12 5.25423e-12
882 -2.80462e-11 -2.47012e-11 3.7373e-11
883 6.58661e-12 1.0023e-11 1.19935e-11
884 -2.40221e-12 -2.78514e-12 3.678e-12
885 4.31575e-12 7.96582e-12 9.0598e-12
886 1.12652e-11 8.78956e-12 1.42885e-11
887 1.37543e-11 4.21222e-12 1.43848e-11
888 -5.77956e-12 -6.16249e-12 8.44865e-12
889 9.34503e-12 1.40326e-11 1.68595e-11
890 1.16359e-11 8.66044e-12 1.45051e-11
891 -5.37659e-12 1.44823e-11 1.54481e-11
892 6.03559e-12 -1.47895e-11 1.59737e-11
893 1.49476e-11 -1.08912e-11 1.84946e-11
894 1.6063e-11 3.68013e-12 1.64792e-11
895 3.23709e-12 -8.82964e-12 9.40432e-12
896 1.02723e-11 2.88065e-11 3.05833e-11
897 -2.30648e-12 -2.30782e-11 2.31931e-11
898 -6.51425e-12 9.9428e-12 1.18867e-11
899 2.61372e-12 -6.07789e-12 6.61606e-12
900 8.65598e-12 9.66674e-12 1.29758e-11
901 2.35724e-11 3.488e-11 4.20983e-11
902 -7.20664e-12 -3.38714e-11 3.46296e-11
903 6.4764e-12 -1.35317e-11 1.50016e-11
904 2.91694e-11 -1.41439e-11 3.24177e-11
905 9.86488e-12 1.97966e-11 2.21183e-11
906 3.56213e-13 9.02778e-12 9.03481e-12
907 4.8022e-12 9.70681e-13 4.89932e-12
908 1.36007e-11 3.53319e-12 1.40521e-11
909 2.96548e-12 3.36622e-12 4.48614e-12
910 5.5035e-12 9.32834e-13 5.58199e-12
911 6.21147e-12 -5.6727e-12 8.41201e-12
912 6.38735e-12 -6.138e-12 8.85851e-12
913 -1.22382e-11 1.01076e-12 1.22798e-11
914 8.48678e-12 2.64934e-11 2.78195e-11
915 1.54508e-12 -1.0446e-11 1.05596e-11
916 7.0597e-12 -4.45044e-12 8.34541e-12
917 3.49534e-13 -7.99254e-13 8.72342e-13
918 9.1903e-12 -5.18958e-12 1.05543e-11
919 1.97988e-11 -4.23916e-11 4.67872e-11
920 -2.87575e-11 6.78831e-11 7.37232e-11
921 2.01928e-12 7.63632e-13 2.15885e-12
922 1.36741e-11 -1.92133e-12 1.38085e-11
923 1.29662e-11 2.30938e-11 2.64848e-11
924 1.22448e-13 1.15213e-11 1.15219e-11
925 1.13543e-13 1.96852e-11 1.96856e-11
926 8.89643e-12 -9.84262e-12 1.32674e-11
927 2.08363e-11 -5.98438e-12 2.16786e-11
928 -7.42927e-12 1.42263e-11 1.60493e-11
929 4.27901e-12 1.2748e-11 1.3447e-11
930 1.39057e-11 9.38622e-12 1.6777e-11
931 -3.94284e-12 -1.84118e-12 4.35154e-12
932 5.82186e-12 1.80778e-12 6.09608e-12
933 8.29977e-12 -2.31093e-12 8.61549e-12
934 2.35568e-11 1.78107e-13 2.35575e-11
935 1.07977e-11 1.2345e-11 1.64009e-11
936 6.8393e-12 1.32356e-11 1.48982e-11
937 1.01209e-11 -1.00653e-11 1.42738e-11
938 1.49253e-11 1.14656e-12 1.49693e-11
939 -8.07714e-12 -1.9594e-11 2.11935e-11
940 7.18438e-12 1.37164e-11 1.54841e-11
941 1.44712e-11 1.26879e-11 1.92457e-11
942 -7.50274e-13 -2.75375e-11 2.75477e-11
943 6.46305e-12 9.17472e-12 1.12226e-11
944 5.2163e-12 6.63893e-12 8.44305e-12
945 1.33847e-11 -3.20147e-12 1.37623e-11
946 7.8033e-12 1.0938e-11 1.34362e-11
947 -2.80518e-13 -2.10388e-13 3.50647e-13
948 2.04266e-11 1.55443e-11 2.56685e-11
949 1.43732e-11 -2.2329e-11 2.65551e-11
950 -1.31131e-12 -1.41784e-11 1.42389e-11
951 6.8905e-12 1.98711e-11 2.10319e-11
952 8.5135e-12 1.5807e-13 8.51497e-12
953 -1.83071e-11 2.04823e-12 1.84214e-11
954 -3.03004e-12 1.90351e-12 3.57834e-12
955 6.57881e-12 -4.73764e-12 8.10716e-12
956 2.07784e-11 -1.1755e-12 2.08116e-11
957 -5.24079e-12 -3.44859e-12 6.27365e-12
958 1.17395e-11 -3.62313e-11 3.80858e-11
959 1.43665e-11 1.62834e-11 2.17151e-11
960 1.86923e-11 -7.81443e-13 1.87086e-11
961 3.86714e-12 -2.58589e-12 4.65205e-12
962 -9.0968e-12 4.29838e-11 4.39359e-11
963 1.02434e-11 -3.80703e-12 1.09279e-11
964 -3.30388e-12 -6.50757e-12 7.29823e-12
965 -1.26678e-12 -1.14378e-11 1.15077e-11
966 2.4926e-11 3.42032e-11 4.23221e-11
967 1.83561e-11 1.29472e-11 2.24628e-11
968 -1.50055e-12 -8.45895e-12 8.59101e-12
969 3.18677e-11 -4.49541e-11 5.51038e-11
970 2.37973e-11 1.27458e-11 2.69956e-11
971 -1.26901e-11 8.23075e-12 1.51256e-11
972 4.38588e-12 1.93134e-12 4.79229e-12
973 -1.05484e-11 4.03256e-11 4.16824e-11
974 1.77105e-11 1.13654e-11 2.10436e-11
975 -2.18181e-13 7.21332e-13 7.53606e-13
976 6.90163e-14 2.10834e-12 2.10947e-12
977 2.60748e-11 -4.17104e-12 2.64063e-11
978 6.83039e-11 4.46513e-11 8.16037e-11
979 4.8868e-12 8.72723e-13 4.96412e-12
980 5.06491e-12 3.9317e-12 6.41183e-12
981 1.38478e-11 -2.09565e-11 2.51184e-11
982 3.07635e-11 -3.8431e-11 4.92273e-11
983 -1.1332e-12 -3.42187e-12 3.60463e-12
984 9.48418e-12 -1.24897e-12 9.56606e-12
985 1.51101e-11 2.17624e-11 2.64937e-11
986 -1.52882e-11 1.17773e-11 1.92986e-11
987 1.31554e-11 7.41369e-13 1.31763e-11
988 1.80711e-11 -6.10461e-12 1.90744e-11
989 3.04206e-11 1.18975e-11 3.26644e-11
990 -6.14468e-13 4.00406e-12 4.05093e-12
991 1.45624e-11 -3.94172e-12 1.50865e-11
992 2.37728e-11 -2.49238e-12 2.39031e-11
993 -5.84412e-12 1.09313e-12 5.94548e-12
994 5.77066e-12 7.86563e-12 9.75544e-12
995 1.39302e-11 8.46563e-12 1.63008e-11
996 3.13846e-11 4.18562e-11 5.23157e-11
997 -8.9276e-12 -1.52281e-12 9.05654e-12
998 -1.78218e-11 2.07995e-11 2.73904e-11
999 1.31443e-11 1.20111e-12 1.3199e-11
1000 2.65089e-11 -2.03064e-11 3.33927e-11
1001 -6.21592e-12 1.92133e-12 6.50609e-12
1002 2.89735e-11 -2.62752e-11 3.91133e-11
1003 3.26225e-11 2.41095e-11 4.05647e-11
1004 -2.34633e-11 3.03783e-11 3.83845e-11
1005 1.32578e-11 -8.6571e-12 1.5834e-11
1006 2.05112e-11 -4.5651e-12 2.10131e-11
1007 4.71337e-11 4.32131e-12 4.73314e-11
1008 -9.69345e-12 9.39624e-12 1.35001e-11
1009 1.58203e-11 7.27566e-12 1.74132e-11
1010 2.91605e-11 7.60738e-12 3.01365e-11
1011 5.99173e-11 -1.66975e-11 6.22004e-11
1012 -7.19328e-12 9.65783e-12 1.20423e-11
1013 1.53773e-11 8.88808e-12 1.77612e-11
1014 6.7331e-11 1.22738e-11 6.84405e-11
1015 -1.24318e-11 -9.67119e-12 1.57506e-11
1016 -8.12389e-12 1.34582e-12 8.23461e-12
1017 3.5441e-11 6.28939e-12 3.59947e-11
1018 6.18965e-11 2.99609e-12 6.1969e-11
1019 3.24956e-11 -7.04534e-11 7.75864e-11
1020 1.97053e-11 1.06502e-11 2.23992e-11
1021 4.50588e-11 7.14653e-12 4.5622e-11
1022 1.20204e-10 -3.80703e-13 1.20205e-10
1023 4.78996e-11 -5.45307e-11 7.25807e-11
