Sample    Real    Imaginary   Mod
0 7065.67 0 7065.67
1 6983.93 -1009.4 7056.5
2 6741.3 -1990.71 7029.09
3 6345.44 -2916.85 6983.74
4 5808.75 -3762.7 6920.94
5 5147.92 -4505.92 6841.38
6 4383.27 -5127.78 6745.9
7 3537.94 -5613.68 6635.54
8 2637.06 -5953.61 6511.49
9 1706.74 -6142.37 6375.08
10 773.231 -6179.56 6227.75
11 -138.107 -6069.5 6071.07
12 -1003.58 -5820.81 5906.69
13 -1801.92 -5445.95 5736.31
14 -2514.94 -4960.61 5561.71
15 -3127.94 -4382.98 5384.65
16 -3630.04 -3732.95 5206.92
17 -4014.29 -3031.35 5030.27
18 -4277.65 -2299.16 4856.38
19 -4420.78 -1556.79 4686.88
20 -4447.7 -823.419 4523.28
21 -4365.41 -116.46 4366.97
22 -4183.31 548.842 4219.16
23 -3912.69 1159.71 4080.94
24 -3566.11 1705.97 3953.16
25 -3156.88 2180.11 3836.51
26 -2698.51 2577.14 3731.44
27 -2204.26 2894.45 3638.21
28 -1686.74 3131.5 3556.88
29 -1157.68 3289.56 3487.32
30 -627.665 3371.3 3429.23
31 -106.105 3380.5 3382.17
32 398.823 3321.7 3345.56
33 880.091 3199.93 3318.75
34 1331.71 3020.47 3301.02
35 1748.6 2788.69 3291.56
36 2126.37 2509.94 3289.57
37 2461.22 2189.54 3294.19
38 2749.75 1832.78 3304.57
39 2988.87 1444.97 3319.83
40 3175.75 1031.6 3339.1
41 3307.8 598.372 3361.48
42 3382.73 151.365 3386.11
43 3398.65 -302.901 3412.12
44 3354.2 -757.407 3438.65
45 3248.73 -1204.64 3464.88
46 3082.46 -1636.62 3490
47 2856.72 -2045.04 3513.27
48 2574.03 -2421.45 3533.98
49 2238.29 -2757.4 3551.5
50 1854.83 -3044.81 3565.28
51 1430.43 -3276.18 3574.84
52 973.232 -3444.96 3579.79
53 492.653 -3545.79 3579.85
54 -0.854002 -3574.83 3574.83
55 -496.057 -3529.97 3564.65
56 -981.274 -3411 3549.34
57 -1444.73 -3219.73 3529.01
58 -1874.98 -2960 3503.88
59 -2261.23 -2637.67 3474.26
60 -2593.82 -2260.39 3440.53
61 -2864.47 -1837.47 3403.16
62 -3066.65 -1379.54 3362.66
63 -3195.76 -898.199 3319.59
64 -3249.31 -405.656 3274.53
65 -3226.96 85.7049 3228.1
66 -3130.53 563.725 3180.88
67 -2963.88 1016.87 3133.47
68 -2732.74 1434.6 3086.41
69 -2444.43 1807.66 3040.21
70 -2107.61 2128.36 2995.32
71 -1731.91 2390.71 2952.12
72 -1327.58 2590.58 2910.94
73 -905.131 2725.65 2872.01
74 -474.984 2795.45 2835.51
75 -47.1701 2801.15 2801.55
76 368.953 2745.48 2770.16
77 764.916 2632.45 2741.33
78 1133.31 2467.17 2715.01
79 1467.86 2255.53 2691.1
80 1763.53 2004.02 2669.48
81 2016.46 1719.45 2650.02
82 2223.92 1408.74 2632.56
83 2384.25 1078.77 2616.94
84 2496.73 736.187 2603.01
85 2561.48 387.363 2590.6
86 2579.27 38.2845 2579.55
87 2551.48 -305.451 2569.7
88 2479.96 -638.647 2560.87
89 2366.94 -956.481 2552.89
90 2215.01 -1254.48 2545.58
91 2027.06 -1528.48 2538.74
92 1806.29 -1774.62 2532.19
93 1556.24 -1989.3 2525.71
94 1280.77 -2169.21 2519.1
95 984.133 -2311.36 2512.15
96 670.981 -2413.12 2504.66
97 346.374 -2472.31 2496.45
98 15.7751 -2487.29 2487.34
99 -314.986 -2457.08 2477.18
100 -639.781 -2381.4 2465.85
101 -952.278 -2260.88 2453.25
102 -1246.08 -2097.04 2439.32
103 -1514.87 -1892.42 2424.06
104 -1752.6 -1650.56 2407.48
105 -1953.7 -1376.03 2389.65
106 -2113.23 -1074.35 2370.65
107 -2227.13 -751.885 2350.63
108 -2292.34 -415.731 2329.73
109 -2306.97 -73.5082 2308.14
110 -2270.43 266.844 2286.06
111 -2183.45 597.303 2263.68
112 -2048.13 910.018 2241.2
113 -1867.87 1197.56 2218.8
114 -1647.32 1453.17 2196.67
115 -1392.19 1670.96 2174.93
116 -1109.12 1846.15 2153.7
117 -805.419 1975.15 2133.05
118 -488.857 2055.71 2113.03
119 -167.377 2086.95 2093.65
120 151.14 2069.35 2074.86
121 459.136 2004.7 2056.61
122 749.598 1896.01 2038.81
123 1016.25 1747.33 2021.37
124 1253.74 1563.58 2004.16
125 1457.7 1350.38 1987.06
126 1624.88 1113.79 1969.96
127 1753.13 860.122 1952.76
128 1841.39 595.74 1935.36
129 1889.63 326.841 1917.69
130 1898.77 59.3115 1899.69
131 1870.54 -201.414 1881.35
132 1807.35 -450.451 1862.64
133 1712.19 -683.532 1843.59
134 1588.43 -897.039 1824.22
135 1439.7 -1088.01 1804.58
136 1269.83 -1254.11 1784.73
137 1082.68 -1393.59 1764.73
138 882.08 -1505.23 1744.64
139 671.815 -1588.3 1724.54
140 455.546 -1642.48 1704.48
141 236.812 -1667.79 1684.52
142 19.0291 -1664.6 1664.7
143 -194.509 -1633.53 1645.07
144 -400.617 -1575.52 1625.66
145 -596.213 -1491.76 1606.49
146 -778.317 -1383.71 1587.58
147 -944.063 -1253.15 1568.96
148 -1090.72 -1102.2 1550.65
149 -1215.74 -933.29 1532.67
150 -1316.81 -749.232 1515.04
151 -1391.9 -553.19 1497.8
152 -1439.36 -348.672 1480.99
153 -1458 -139.494 1464.66
154 -1447.14 70.2763 1448.85
155 -1406.71 276.396 1433.61
156 -1337.28 474.546 1418.98
157 -1240.12 660.446 1405.02
158 -1117.18 829.978 1391.75
159 -971.111 979.32 1379.18
160 -805.182 1105.08 1367.3
161 -623.239 1204.4 1356.1
162 -429.586 1275.1 1345.52
163 -228.867 1315.72 1335.48
164 -25.9232 1325.65 1325.9
165 174.362 1305.05 1316.65
166 367.22 1254.97 1307.59
167 548.155 1177.23 1298.59
168 713.083 1074.37 1289.48
169 858.468 949.583 1280.11
170 981.417 806.562 1270.32
171 1079.76 649.371 1259.99
172 1152.1 482.302 1248.98
173 1197.8 309.715 1237.19
174 1216.99 135.895 1224.56
175 1210.51 -35.0882 1211.02
176 1179.82 -199.496 1196.56
177 1126.9 -354.02 1181.2
178 1054.18 -495.852 1164.97
179 964.362 -622.723 1147.95
180 860.346 -732.925 1130.21
181 745.095 -825.295 1111.88
182 621.54 -899.18 1093.09
183 492.496 -954.388 1073.97
184 360.591 -991.12 1054.68
185 228.226 -1009.9 1035.36
186 97.5502 -1011.48 1016.17
187 -29.5442 -996.812 997.25
188 -151.406 -966.942 978.724
189 -266.599 -922.982 960.714
190 -373.867 -866.071 943.321
191 -472.098 -797.355 926.635
192 -560.28 -717.989 910.726
193 -637.477 -629.139 895.652
194 -702.804 -532.013 881.46
195 -755.418 -427.883 868.182
196 -794.527 -318.119 855.847
197 -819.408 -204.218 844.473
198 -829.438 -87.8241 834.075
199 -824.144 29.2585 824.664
200 -803.248 145.069 816.243
201 -766.724 257.509 808.812
202 -714.849 364.381 802.361
203 -648.246 463.436 796.867
204 -567.921 552.446 792.294
205 -475.272 629.278 788.59
206 -372.094 691.982 785.681
207 -260.555 738.875 783.47
208 -143.145 768.626 781.842
209 -22.6188 780.329 780.657
210 98.0897 773.563 779.757
211 215.966 748.432 778.969
212 328.019 705.586 778.105
213 431.394 646.212 776.976
214 523.48 572.008 775.387
215 602.011 485.123 773.151
216 665.152 388.088 770.091
217 711.572 283.713 766.047
218 740.483 174.989 760.878
219 751.668 64.9668 754.471
220 745.477 -43.3593 746.737
221 722.792 -147.16 737.621
222 684.978 -243.877 727.098
223 633.809 -331.304 715.176
224 571.376 -407.658 701.894
225 499.99 -471.619 687.324
226 422.076 -522.354 671.566
227 340.068 -559.506 654.747
228 256.316 -583.173 637.016
229 172.996 -593.859 618.543
230 92.0424 -592.406 599.514
231 15.1002 -579.929 580.125
232 -56.5081 -557.724 560.579
233 -121.79 -527.195 541.08
234 -180.074 -489.774 521.829
235 -230.98 -446.852 503.019
236 -274.379 -399.722 484.832
237 -310.34 -349.545 467.432
238 -339.078 -297.319 450.968
239 -360.891 -243.875 435.566
240 -376.114 -189.889 421.331
241 -385.07 -135.9 408.347
242 -388.038 -82.346 396.679
243 -385.233 -29.6026 386.369
244 -376.804 21.9765 377.445
245 -362.837 72.0189 369.916
246 -343.38 120.1 363.777
247 -318.472 165.719 359.009
248 -288.183 208.287 355.575
249 -252.656 247.127 353.421
250 -212.143 281.488 352.478
251 -167.047 310.577 352.651
252 -117.942 333.592 353.827
253 -65.5928 349.775 355.872
254 -10.9527 358.461 358.629
255 44.8484 359.133 361.922
256 100.533 351.468 365.564
257 154.721 335.385 369.353
258 205.979 311.069 373.084
259 252.887 278.996 376.551
260 294.102 239.926 379.553
261 328.426 194.894 381.899
262 354.868 145.172 383.413
263 372.697 92.2257 383.938
264 381.484 37.653 383.338
265 381.129 -16.8861 381.503
266 371.866 -69.7429 378.35
267 354.259 -119.355 373.825
268 329.169 -164.318 367.903
269 297.717 -203.446 360.591
270 261.221 -235.825 351.923
271 221.134 -260.845 341.965
272 178.964 -278.221 330.809
273 136.207 -287.987 318.573
274 94.2691 -290.485 305.398
275 54.4027 -286.324 291.447
276 17.6563 -276.334 276.898
277 -15.1668 -261.506 261.946
278 -43.5303 -242.925 246.794
279 -67.1696 -221.7 231.652
280 -86.0799 -198.905 216.732
281 -100.489 -175.51 202.242
282 -110.813 -152.34 188.38
283 -117.611 -130.034 175.331
284 -121.52 -109.028 163.261
285 -123.203 -89.5485 152.308
286 -123.284 -71.6261 142.581
287 -122.306 -55.1195 134.153
288 -120.684 -39.7547 127.063
289 -118.679 -25.1715 121.319
290 -116.386 -10.976 116.902
291 -113.733 3.20687 113.778
292 -110.501 17.6836 111.907
293 -106.35 32.6494 111.248
294 -100.862 48.1558 111.768
295 -93.5888 64.0914 113.431
296 -84.1022 80.1765 116.196
297 -72.0462 95.973 120.006
298 -57.1837 110.908 124.782
299 -39.4356 124.312 130.417
300 -18.9078 135.462 136.775
301 4.09403 143.636 143.694
302 29.0659 148.17 150.994
303 55.3212 148.511 158.48
304 82.0209 144.262 165.949
305 108.216 135.229 173.199
306 132.901 121.442 180.03
307 155.07 103.171 186.255
308 173.781 80.9213 191.698
309 188.209 55.4186 196.199
310 197.706 27.5735 199.62
311 201.838 -1.56357 201.844
312 200.418 -30.8576 202.78
313 193.522 -59.1512 202.36
314 181.485 -85.3285 200.544
315 164.89 -108.377 197.318
316 144.532 -127.446 192.697
317 121.374 -141.889 186.719
318 96.4925 -151.301 179.452
319 71.016 -155.537 170.983
320 46.0602 -154.713 161.424
321 22.6656 -149.195 150.907
322 1.74084 -139.571 139.582
323 -15.9855 -126.605 127.611
324 -30 -111.194 115.17
325 -40.0254 -94.2999 102.443
326 -46.0262 -76.8957 89.6178
327 -48.1985 -59.9022 76.8854
328 -46.9451 -44.1344 64.4336
329 -42.838 -30.2558 52.4453
330 -36.5713 -18.7442 41.095
331 -28.9068 -9.87137 30.5458
332 -20.6184 -3.6979 20.9474
333 -12.4364 -0.0821483 12.4367
334 -4.99793 1.29635 5.16331
335 1.19457 0.901874 1.49678
336 5.80344 -0.701659 5.8457
337 8.67282 -2.90065 9.14503
338 9.83152 -5.08381 11.0681
339 9.48193 -6.69239 11.6058
340 7.97597 -7.26506 10.7887
341 5.78017 -6.47413 8.67899
342 3.43252 -4.15075 5.38618
343 1.49444 -0.297182 1.5237
344 0.501576 4.91446 4.93999
345 0.917011 11.1568 11.1945
346 3.09042 17.9742 18.2379
347 7.2262 24.8192 25.8497
348 13.3628 31.097 33.8465
349 21.3653 36.2135 42.0463
350 30.9304 39.6236 50.2665
351 41.6057 40.8766 58.3261
352 52.8198 39.6545 66.0485
353 63.9217 35.8014 73.2647
354 74.2276 29.3404 79.8161
355 83.0701 20.4787 85.5571
356 89.847 9.59746 90.3581
357 94.0671 -2.7692 94.1078
358 95.3875 -15.9682 96.7148
359 93.6416 -29.2697 98.1095
360 88.8548 -41.9156 98.2451
361 81.2468 -53.171 97.0989
362 71.2203 -62.3738 94.6722
363 59.3369 -68.9814 90.9907
364 46.2818 -72.6078 86.104
365 32.8193 -73.0516 80.0852
366 19.7428 -70.3109 73.0301
367 7.82236 -64.5846 65.0566
368 -2.24622 -56.2605 56.3053
369 -9.888 -45.8899 46.9431
370 -14.6869 -34.1511 37.1753
371 -16.413 -21.8045 27.2915
372 -15.0378 -9.64197 17.8634
373 -10.7347 1.56642 10.8484
374 -3.86699 11.1233 11.7763
375 5.03817 18.4502 19.1257
376 15.3261 23.1259 27.7434
377 26.2596 24.9132 36.1972
378 37.0701 23.7733 44.0382
379 47.0095 19.8668 51.0351
380 55.4011 13.5407 57.0319
381 61.6855 5.30272 61.913
382 65.4571 -4.21526 65.5927
383 66.4911 -14.3018 68.0119
384 64.7566 -24.2161 69.1364
385 60.4168 -33.2395 68.9569
386 53.8159 -40.7251 67.4884
387 45.4529 -46.1424 64.7694
388 35.9453 -49.1127 60.8615
389 25.9849 -49.4348 55.8481
390 16.2883 -47.0965 49.8337
391 7.54657 -42.2746 42.9429
392 0.376439 -35.32 35.322
393 -4.72211 -26.7319 27.1457
394 -7.40037 -17.121 18.6519
395 -7.48421 -7.16556 10.3614
396 -4.98504 2.43707 5.54886
397 -0.0975189 11.0202 11.0207
398 6.81562 17.9948 19.2423
399 15.2506 22.8906 27.5057
400 24.5993 25.3888 35.3513
401 34.1933 25.3435 42.5615
402 43.352 22.7913 48.978
403 51.4309 17.9469 54.4722
404 57.8673 11.1873 58.9388
405 62.2205 3.02345 62.2939
406 64.2019 -5.93667 64.4758
407 63.6951 -15.0324 65.4449
408 60.7635 -23.5976 65.1847
409 55.6445 -31.0086 63.7012
410 48.732 -36.7288 61.023
411 40.5471 -40.3465 57.2006
412 31.7008 -41.6039 52.3051
413 22.8492 -40.4155 46.4274
414 14.6467 -36.8734 39.6758
415 7.6988 -31.2399 32.1746
416 2.51869 -23.9291 24.0613
417 -0.509295 -15.4759 15.4842
418 -1.15718 -6.49794 6.60018
419 0.630558 2.34879 2.43196
420 4.7331 10.4174 11.4422
421 10.8621 17.1161 20.2718
422 18.5823 21.951 28.7602
423 27.3429 24.5611 36.7544
424 36.5168 24.7441 44.1106
425 45.4451 22.4712 50.6973
426 53.4847 17.8891 56.3971
427 60.0536 11.3093 61.1092
428 64.6727 3.18669 64.7512
429 66.9997 -5.91353 67.2602
430 66.8535 -15.3554 68.5943
431 64.2273 -24.4774 68.7335
432 59.2886 -32.6398 67.6794
433 52.3681 -39.2692 65.456
434 43.9354 -43.8997 62.1088
435 34.5662 -46.2059 57.7045
436 24.9014 -46.0254 52.3299
437 15.6015 -43.3703 46.0911
438 7.30022 -38.4264 39.1137
439 0.559076 -31.5394 31.5444
440 -4.17181 -23.1907 23.5629
441 -6.58568 -13.9624 15.4376
442 -6.54058 -4.49647 7.93709
443 -4.06926 4.55144 6.10528
444 0.623528 12.5584 12.5739
445 7.17582 18.9785 20.2898
446 15.0945 23.3819 27.8309
447 23.7906 25.4851 34.8638
448 32.6217 25.171 41.2038
449 40.9374 22.4977 46.712
450 48.1264 17.6937 51.2759
451 53.6604 11.1419 54.8049
452 57.1314 3.35225 57.2297
453 58.2818 -5.07486 58.5023
454 57.0228 -13.4913 58.597
455 53.4413 -21.2477 57.5103
456 47.7941 -27.7399 55.261
457 40.4904 -32.4527 51.8908
458 32.0626 -34.9967 47.4634
459 23.1293 -35.1368 42.0661
460 14.3514 -32.8102 35.8116
461 6.38517 -28.1311 28.8466
462 -0.164159 -21.3842 21.3848
463 -4.78585 -13.0051 13.8577
464 -7.10021 -3.55083 7.9386
465 -6.8862 6.33891 9.35957
466 -4.09797 15.9862 16.5031
467 1.13086 24.722 24.7478
468 8.49549 31.933 33.0438
469 17.5402 37.105 41.0419
470 27.6891 39.8585 48.5323
471 38.2858 39.976 55.3524
472 48.6379 37.4178 61.3656
473 58.0648 32.3252 66.4563
474 65.9448 25.0113 70.5286
475 71.7572 15.9399 73.5063
476 75.1188 5.69419 75.3343
477 75.8098 -5.06346 75.9787
478 73.7887 -15.6364 75.4272
479 69.1951 -25.3414 73.6895
480 62.3399 -33.5553 70.7971
481 53.6835 -39.7572 66.8023
482 43.8035 -43.5636 61.7781
483 33.3554 -44.7542 55.8169
484 23.027 -43.2857 49.0295
485 13.4911 -39.2937 41.5452
486 5.35973 -33.0825 33.5138
487 -0.857385 -25.1025 25.1171
488 -4.78714 -15.9183 16.6225
489 -6.21745 -6.16869 8.75839
490 -5.11042 3.47825 6.1818
491 -1.60322 12.3717 12.4751
492 4.00323 19.9231 20.3213
493 11.267 25.6465 28.0123
494 19.6375 29.1918 35.1823
495 28.4955 30.3671 41.6432
496 37.1972 29.1513 47.2592
497 45.1203 25.6931 51.9228
498 51.7077 20.299 55.5494
499 56.5066 13.4096 58.0759
500 59.1995 5.5668 59.4607
501 59.626 -2.62595 59.6838
502 57.7923 -10.5477 58.747
503 53.8698 -17.605 56.6736
504 48.1809 -23.2744 53.5079
505 41.1746 -27.1399 49.3145
506 33.3928 -28.9227 44.177
507 25.4306 -28.5002 38.1966
508 17.892 -25.9143 31.4909
509 11.3458 -21.3676 24.193
510 6.28445 -15.2078 16.4551
511 3.0876 -7.90144 8.48328
512 1.99471 3.72972e-14 1.99471
513 3.0876 7.90144 8.48328
514 6.28445 15.2078 16.4551
515 11.3458 21.3676 24.193
516 17.892 25.9143 31.4909
517 25.4306 28.5002 38.1966
518 33.3928 28.9227 44.177
519 41.1746 27.1399 49.3145
520 48.1809 23.2744 53.5079
521 53.8698 17.605 56.6736
522 57.7923 10.5477 58.747
523 59.626 2.62595 59.6838
524 59.1995 -5.5668 59.4607
525 56.5066 -13.4096 58.0759
526 51.7077 -20.299 55.5494
527 45.1203 -25.6931 51.9228
528 37.1972 -29.1513 47.2592
529 28.4955 -30.3671 41.6432
530 19.6375 -29.1918 35.1823
531 11.267 -25.6465 28.0123
532 4.00323 -19.9231 20.3213
533 -1.60322 -12.3717 12.4751
534 -5.11042 -3.47825 6.1818
535 -6.21745 6.16869 8.75839
536 -4.78714 15.9183 16.6225
537 -0.857385 25.1025 25.1171
538 5.35973 33.0825 33.5138
539 13.4911 39.2937 41.5452
540 23.027 43.2857 49.0295
541 33.3554 44.7542 55.8169
542 43.8035 43.5636 61.7781
543 53.6835 39.7572 66.8023
544 62.3399 33.5553 70.7971
545 69.1951 25.3414 73.6895
546 73.7887 15.6364 75.4272
547 75.8098 5.06346 75.9787
548 75.1188 -5.69419 75.3343
549 71.7572 -15.9399 73.5063
550 65.9448 -25.0113 70.5286
551 58.0648 -32.3252 66.4563
552 48.6379 -37.4178 61.3656
553 38.2858 -39.976 55.3524
554 27.6891 -39.8585 48.5323
555 17.5402 -37.105 41.0419
556 8.49549 -31.933 33.0438
557 1.13086 -24.722 24.7478
558 -4.09797 -15.9862 16.5031
559 -6.8862 -6.33891 9.35957
560 -7.10021 3.55083 7.9386
561 -4.78585 13.0051 13.8577
562 -0.164159 21.3842 21.3848
563 6.38517 28.1311 28.8466
564 14.3514 32.8102 35.8116
565 23.1293 35.1368 42.0661
566 32.0626 34.9967 47.4634
567 40.4904 32.4527 51.8908
568 47.7941 27.7399 55.261
569 53.4413 21.2477 57.5103
570 57.0228 13.4913 58.597
571 58.2818 5.07486 58.5023
572 57.1314 -3.35225 57.2297
573 53.6604 -11.1419 54.8049
574 48.1264 -17.6937 51.2759
575 40.9374 -22.4977 46.712
576 32.6217 -25.171 41.2038
577 23.7906 -25.4851 34.8638
578 15.0945 -23.3819 27.8309
579 7.17582 -18.9785 20.2898
580 0.623528 -12.5584 12.5739
581 -4.06926 -4.55144 6.10528
582 -6.54058 4.49647 7.93709
583 -6.58568 13.9624 15.4376
584 -4.17181 23.1907 23.5629
585 0.559076 31.5394 31.5444
586 7.30022 38.4264 39.1137
587 15.6015 43.3703 46.0911
588 24.9014 46.0254 52.3299
589 34.5662 46.2059 57.7045
590 43.9354 43.8997 62.1088
591 52.3681 39.2692 65.456
592 59.2886 32.6398 67.6794
593 64.2273 24.4774 68.7335
594 66.8535 15.3554 68.5943
595 66.9997 5.91353 67.2602
596 64.6727 -3.18669 64.7512
597 60.0536 -11.3093 61.1092
598 53.4847 -17.8891 56.3971
599 45.4451 -22.4712 50.6973
600 36.5168 -24.7441 44.1106
601 27.3429 -24.5611 36.7544
602 18.5823 -21.951 28.7602
603 10.8621 -17.1161 20.2718
604 4.7331 -10.4174 11.4422
605 0.630558 -2.34879 2.43196
606 -1.15718 6.49794 6.60018
607 -0.509295 15.4759 15.4842
608 2.51869 23.9291 24.0613
609 7.6988 31.2399 32.1746
610 14.6467 36.8734 39.6758
611 22.8492 40.4155 46.4274
612 31.7008 41.6039 52.3051
613 40.5471 40.3465 57.2006
614 48.732 36.7288 61.023
615 55.6445 31.0086 63.7012
616 60.7635 23.5976 65.1847
617 63.6951 15.0324 65.4449
618 64.2019 5.93667 64.4758
619 62.2205 -3.02345 62.2939
620 57.8673 -11.1873 58.9388
621 51.4309 -17.9469 54.4722
622 43.352 -22.7913 48.978
623 34.1933 -25.3435 42.5615
624 24.5993 -25.3888 35.3513
625 15.2506 -22.8906 27.5057
626 6.81562 -17.9948 19.2423
627 -0.0975189 -11.0202 11.0207
628 -4.98504 -2.43707 5.54886
629 -7.48421 7.16556 10.3614
630 -7.40037 17.121 18.6519
631 -4.72211 26.7319 27.1457
632 0.376439 35.32 35.322
633 7.54657 42.2746 42.9429
634 16.2883 47.0965 49.8337
635 25.9849 49.4348 55.8481
636 35.9453 49.1127 60.8615
637 45.4529 46.1424 64.7694
638 53.8159 40.7251 67.4884
639 60.4168 33.2395 68.9569
640 64.7566 24.2161 69.1364
641 66.4911 14.3018 68.0119
642 65.4571 4.21526 65.5927
643 61.6855 -5.30272 61.913
644 55.4011 -13.5407 57.0319
645 47.0095 -19.8668 51.0351
646 37.0701 -23.7733 44.0382
647 26.2596 -24.9132 36.1972
648 15.3261 -23.1259 27.7434
649 5.03817 -18.4502 19.1257
650 -3.86699 -11.1233 11.7763
651 -10.7347 -1.56642 10.8484
652 -15.0378 9.64197 17.8634
653 -16.413 21.8045 27.2915
654 -14.6869 34.1511 37.1753
655 -9.888 45.8899 46.9431
656 -2.24622 56.2605 56.3053
657 7.82236 64.5846 65.0566
658 19.7428 70.3109 73.0301
659 32.8193 73.0516 80.0852
660 46.2818 72.6078 86.104
661 59.3369 68.9814 90.9907
662 71.2203 62.3738 94.6722
663 81.2468 53.171 97.0989
664 88.8548 41.9156 98.2451
665 93.6416 29.2697 98.1095
666 95.3875 15.9682 96.7148
667 94.0671 2.7692 94.1078
668 89.847 -9.59746 90.3581
669 83.0701 -20.4787 85.5571
670 74.2276 -29.3404 79.8161
671 63.9217 -35.8014 73.2647
672 52.8198 -39.6545 66.0485
673 41.6057 -40.8766 58.3261
674 30.9304 -39.6236 50.2665
675 21.3653 -36.2135 42.0463
676 13.3628 -31.097 33.8465
677 7.2262 -24.8192 25.8497
678 3.09042 -17.9742 18.2379
679 0.917011 -11.1568 11.1945
680 0.501576 -4.91446 4.93999
681 1.49444 0.297182 1.5237
682 3.43252 4.15075 5.38618
683 5.78017 6.47413 8.67899
684 7.97597 7.26506 10.7887
685 9.48193 6.69239 11.6058
686 9.83152 5.08381 11.0681
687 8.67282 2.90065 9.14503
688 5.80344 0.701659 5.8457
689 1.19457 -0.901874 1.49678
690 -4.99793 -1.29635 5.16331
691 -12.4364 0.0821483 12.4367
692 -20.6184 3.6979 20.9474
693 -28.9068 9.87137 30.5458
694 -36.5713 18.7442 41.095
695 -42.838 30.2558 52.4453
696 -46.9451 44.1344 64.4336
697 -48.1985 59.9022 76.8854
698 -46.0262 76.8957 89.6178
699 -40.0254 94.2999 102.443
700 -30 111.194 115.17
701 -15.9855 126.605 127.611
702 1.74084 139.571 139.582
703 22.6656 149.195 150.907
704 46.0602 154.713 161.424
705 71.016 155.537 170.983
706 96.4925 151.301 179.452
707 121.374 141.889 186.719
708 144.532 127.446 192.697
709 164.89 108.377 197.318
710 181.485 85.3285 200.544
711 193.522 59.1512 202.36
712 200.418 30.8576 202.78
713 201.838 1.56357 201.844
714 197.706 -27.5735 199.62
715 188.209 -55.4186 196.199
716 173.781 -80.9213 191.698
717 155.07 -103.171 186.255
718 132.901 -121.442 180.03
719 108.216 -135.229 173.199
720 82.0209 -144.262 165.949
721 55.3212 -148.511 158.48
722 29.0659 -148.17 150.994
723 4.09403 -143.636 143.694
724 -18.9078 -135.462 136.775
725 -39.4356 -124.312 130.417
726 -57.1837 -110.908 124.782
727 -72.0462 -95.973 120.006
728 -84.1022 -80.1765 116.196
729 -93.5888 -64.0914 113.431
730 -100.862 -48.1558 111.768
731 -106.35 -32.6494 111.248
732 -110.501 -17.6836 111.907
733 -113.733 -3.20687 113.778
734 -116.386 10.976 116.902
735 -118.679 25.1715 121.319
736 -120.684 39.7547 127.063
737 -122.306 55.1195 134.153
738 -123.284 71.6261 142.581
739 -123.203 89.5485 152.308
740 -121.52 109.028 163.261
741 -117.611 130.034 175.331
742 -110.813 152.34 188.38
743 -100.489 175.51 202.242
744 -86.0799 198.905 216.732
745 -67.1696 221.7 231.652
746 -43.5303 242.925 246.794
747 -15.1668 261.506 261.946
748 17.6563 276.334 276.898
749 54.4027 286.324 291.447
750 94.2691 290.485 305.398
751 136.207 287.987 318.573
752 178.964 278.221 330.809
753 221.134 260.845 341.965
754 261.221 235.825 351.923
755 297.717 203.446 360.591
756 329.169 164.318 367.903
757 354.259 119.355 373.825
758 371.866 69.7429 378.35
759 381.129 16.8861 381.503
760 381.484 -37.653 383.338
761 372.697 -92.2257 383.938
762 354.868 -145.172 383.413
763 328.426 -194.894 381.899
764 294.102 -239.926 379.553
765 252.887 -278.996 376.551
766 205.979 -311.069 373.084
767 154.721 -335.385 369.353
768 100.533 -351.468 365.564
769 44.8484 -359.133 361.922
770 -10.9527 -358.461 358.629
771 -65.5928 -349.775 355.872
772 -117.942 -333.592 353.827
773 -167.047 -310.577 352.651
774 -212.143 -281.488 352.478
775 -252.656 -247.127 353.421
776 -288.183 -208.287 355.575
777 -318.472 -165.719 359.009
778 -343.38 -120.1 363.777
779 -362.837 -72.0189 369.916
780 -376.804 -21.9765 377.445
781 -385.233 29.6026 386.369
782 -388.038 82.346 396.679
783 -385.07 135.9 408.347
784 -376.114 189.889 421.331
785 -360.891 243.875 435.566
786 -339.078 297.319 450.968
787 -310.34 349.545 467.432
788 -274.379 399.722 484.832
789 -230.98 446.852 503.019
790 -180.074 489.774 521.829
791 -121.79 527.195 541.08
792 -56.5081 557.724 560.579
793 15.1002 579.929 580.125
794 92.0424 592.406 599.514
795 172.996 593.859 618.543
796 256.316 583.173 637.016
797 340.068 559.506 654.747
798 422.076 522.354 671.566
799 499.99 471.619 687.324
800 571.376 407.658 701.894
801 633.809 331.304 715.176
802 684.978 243.877 727.098
803 722.792 147.16 737.621
804 745.477 43.3593 746.737
805 751.668 -64.9668 754.471
806 740.483 -174.989 760.878
807 711.572 -283.713 766.047
808 665.152 -388.088 770.091
809 602.011 -485.123 773.151
810 523.48 -572.008 775.387
811 431.394 -646.212 776.976
812 328.019 -705.586 778.105
813 215.966 -748.432 778.969
814 98.0897 -773.563 779.757
815 -22.6188 -780.329 780.657
816 -143.145 -768.626 781.842
817 -260.555 -738.875 783.47
818 -372.094 -691.982 785.681
819 -475.272 -629.278 788.59
820 -567.921 -552.446 792.294
821 -648.246 -463.436 796.867
822 -714.849 -364.381 802.361
823 -766.724 -257.509 808.812
824 -803.248 -145.069 816.243
825 -824.144 -29.2585 824.664
826 -829.438 87.8241 834.075
827 -819.408 204.218 844.473
828 -794.527 318.119 855.847
829 -755.418 427.883 868.182
830 -702.804 532.013 881.46
831 -637.477 629.139 895.652
832 -560.28 717.989 910.726
833 -472.098 797.355 926.635
834 -373.867 866.071 943.321
835 -266.599 922.982 960.714
836 -151.406 966.942 978.724
837 -29.5442 996.812 997.25
838 97.5502 1011.48 1016.17
839 228.226 1009.9 1035.36
840 360.591 991.12 1054.68
841 492.496 954.388 1073.97
842 621.54 899.18 1093.09
843 745.095 825.295 1111.88
844 860.346 732.925 1130.21
845 964.362 622.723 1147.95
846 1054.18 495.852 1164.97
847 1126.9 354.02 1181.2
848 1179.82 199.496 1196.56
849 1210.51 35.0882 1211.02
850 1216.99 -135.895 1224.56
851 1197.8 -309.715 1237.19
852 1152.1 -482.302 1248.98
853 1079.76 -649.371 1259.99
854 981.417 -806.562 1270.32
855 858.468 -949.583 1280.11
856 713.083 -1074.37 1289.48
857 548.155 -1177.23 1298.59
858 367.22 -1254.97 1307.59
859 174.362 -1305.05 1316.65
860 -25.9232 -1325.65 1325.9
861 -228.867 -1315.72 1335.48
862 -429.586 -1275.1 1345.52
863 -623.239 -1204.4 1356.1
864 -805.182 -1105.08 1367.3
865 -971.111 -979.32 1379.18
866 -1117.18 -829.978 1391.75
867 -1240.12 -660.446 1405.02
868 -1337.28 -474.546 1418.98
869 -1406.71 -276.396 1433.61
870 -1447.14 -70.2763 1448.85
871 -1458 139.494 1464.66
872 -1439.36 348.672 1480.99
873 -1391.9 553.19 1497.8
874 -1316.81 749.232 1515.04
875 -1215.74 933.29 1532.67
876 -1090.72 1102.2 1550.65
877 -944.063 1253.15 1568.96
878 -778.317 1383.71 1587.58
879 -596.213 1491.76 1606.49
880 -400.617 1575.52 1625.66
881 -194.509 1633.53 1645.07
882 19.0291 1664.6 1664.7
883 236.812 1667.79 1684.52
884 455.546 1642.48 1704.48
885 671.815 1588.3 1724.54
886 882.08 1505.23 1744.64
887 1082.68 1393.59 1764.73
888 1269.83 1254.11 1784.73
889 1439.7 1088.01 1804.58
890 1588.43 897.039 1824.22
891 1712.19 683.532 1843.59
892 1807.35 450.451 1862.64
893 1870.54 201.414 1881.35
894 1898.77 -59.3115 1899.69
895 1889.63 -326.841 1917.69
896 1841.39 -595.74 1935.36
897 1753.13 -860.122 1952.76
898 1624.88 -1113.79 1969.96
899 1457.7 -1350.38 1987.06
900 1253.74 -1563.58 2004.16
901 1016.25 -1747.33 2021.37
902 749.598 -1896.01 2038.81
903 459.136 -2004.7 2056.61
904 151.14 -2069.35 2074.86
905 -167.377 -2086.95 2093.65
906 -488.857 -2055.71 2113.03
907 -805.419 -1975.15 2133.05
908 -1109.12 -1846.15 2153.7
909 -1392.19 -1670.96 2174.93
910 -1647.32 -1453.17 2196.67
911 -1867.87 -1197.56 2218.8
912 -2048.13 -910.018 2241.2
913 -2183.45 -597.303 2263.68
914 -2270.43 -266.844 2286.06
915 -2306.97 73.5082 2308.14
916 -2292.34 415.731 2329.73
917 -2227.13 751.885 2350.63
918 -2113.23 1074.35 2370.65
919 -1953.7 1376.03 2389.65
920 -1752.6 1650.56 2407.48
921 -1514.87 1892.42 2424.06
922 -1246.08 2097.04 2439.32
923 -952.278 2260.88 2453.25
924 -639.781 2381.4 2465.85
925 -314.986 2457.08 2477.18
926 15.7751 2487.29 2487.34
927 346.374 2472.31 2496.45
928 670.981 2413.12 2504.66
929 984.133 2311.36 2512.15
930 1280.77 2169.21 2519.1
931 1556.24 1989.3 2525.71
932 1806.29 1774.62 2532.19
933 2027.06 1528.48 2538.74
934 2215.01 1254.48 2545.58
935 2366.94 956.481 2552.89
936 2479.96 638.647 2560.87
937 2551.48 305.451 2569.7
938 2579.27 -38.2845 2579.55
939 2561.48 -387.363 2590.6
940 2496.73 -736.187 2603.01
941 2384.25 -1078.77 2616.94
942 2223.92 -1408.74 2632.56
943 2016.46 -1719.45 2650.02
944 1763.53 -2004.02 2669.48
945 1467.86 -2255.53 2691.1
946 1133.31 -2467.17 2715.01
947 764.916 -2632.45 2741.33
948 368.953 -2745.48 2770.16
949 -47.1701 -2801.15 2801.55
950 -474.984 -2795.45 2835.51
951 -905.131 -2725.65 2872.01
952 -1327.58 -2590.58 2910.94
953 -1731.91 -2390.71 2952.12
954 -2107.61 -2128.36 2995.32
955 -2444.43 -1807.66 3040.21
956 -2732.74 -1434.6 3086.41
957 -2963.88 -1016.87 3133.47
958 -3130.53 -563.725 3180.88
959 -3226.96 -85.7049 3228.1
960 -3249.31 405.656 3274.53
961 -3195.76 898.199 3319.59
962 -3066.65 1379.54 3362.66
963 -2864.47 1837.47 3403.16
964 -2593.82 2260.39 3440.53
965 -2261.23 2637.67 3474.26
966 -1874.98 2960 3503.88
967 -1444.73 3219.73 3529.01
968 -981.274 3411 3549.34
969 -496.057 3529.97 3564.65
970 -0.854002 3574.83 3574.83
971 492.653 3545.79 3579.85
972 973.232 3444.96 3579.79
973 1430.43 3276.18 3574.84
974 1854.83 3044.81 3565.28
975 2238.29 2757.4 3551.5
976 2574.03 2421.45 3533.98
977 2856.72 2045.04 3513.27
978 3082.46 1636.62 3490
979 3248.73 1204.64 3464.88
980 3354.2 757.407 3438.65
981 3398.65 302.901 3412.12
982 3382.73 -151.365 3386.11
983 3307.8 -598.372 3361.48
984 3175.75 -1031.6 3339.1
985 2988.87 -1444.97 3319.83
986 2749.75 -1832.78 3304.57
987 2461.22 -2189.54 3294.19
988 2126.37 -2509.94 3289.57
989 1748.6 -2788.69 3291.56
990 1331.71 -3020.47 3301.02
991 880.091 -3199.93 3318.75
992 398.823 -3321.7 3345.56
993 -106.105 -3380.5 3382.17
994 -627.665 -3371.3 3429.23
995 -1157.68 -3289.56 3487.32
996 -1686.74 -3131.5 3556.88
997 -2204.26 -2894.45 3638.21
998 -2698.51 -2577.14 3731.44
999 -3156.88 -2180.11 3836.51
1000 -3566.11 -1705.97 3953.16
1001 -3912.69 -1159.71 4080.94
1002 -4183.31 -548.842 4219.16
1003 -4365.41 116.46 4366.97
1004 -4447.7 823.419 4523.28
1005 -4420.78 1556.79 4686.88
1006 -4277.65 2299.16 4856.38
1007 -4014.29 3031.35 5030.27
1008 -3630.04 3732.95 5206.92
1009 -3127.94 4382.98 5384.65
1010 -2514.94 4960.61 5561.71
1011 -1801.92 5445.95 5736.31
1012 -1003.58 5820.81 5906.69
1013 -138.107 6069.5 6071.07
1014 773.231 6179.56 6227.75
1015 1706.74 6142.37 6375.08
1016 2637.06 5953.61 6511.49
1017 3537.94 5613.68 6635.54
1018 4383.27 5127.78 6745.9
1019 5147.92 4505.92 6841.38
1020 5808.75 3762.7 6920.94
1021 6345.44 2916.85 6983.74
1022 6741.3 1990.71 7029.09
1023 6983.93 1009.4 7056.5
